# PROBE mlplanthydraulicsmod.leafwaterpotential_flat: call=27
# num_filter = 1
# il = 1
# np_ = 1
# INPUT: filter(1)
1
# INPUT: mlcanopy_inst__dpai_profile(1,100)
 0.00000000000000000E+000
 1.78551353570273429E-002
 3.11655641162021727E-002
 4.57148859213814471E-002
 6.12493639624123037E-002
 7.75313959945820030E-002
 9.43346110262384407E-002
 1.11434803884834954E-001
 1.28601049978836285E-001
 1.45586493163041897E-001
 1.62117246374047785E-001
 1.77877862367811335E-001
 1.92490098223176753E-001
 2.05479351517816183E-001
 2.16217367616885509E-001
 2.23814705886579951E-001
 2.26892468212283621E-001
 2.23004465358848158E-001
 2.06653578762819423E-001
 1.51979540354245490E-001
 0.00000000000000000E+000
 0.00000000000000000E+000
 0.00000000000000000E+000
 0.00000000000000000E+000
 0.00000000000000000E+000
 0.00000000000000000E+000
 0.00000000000000000E+000
 0.00000000000000000E+000
 0.00000000000000000E+000
 0.00000000000000000E+000
 0.00000000000000000E+000
 0.00000000000000000E+000
 0.00000000000000000E+000
 0.00000000000000000E+000
 0.00000000000000000E+000
 0.00000000000000000E+000
 0.00000000000000000E+000
 0.00000000000000000E+000
 0.00000000000000000E+000
 0.00000000000000000E+000
 0.00000000000000000E+000
 0.00000000000000000E+000
 0.00000000000000000E+000
 0.00000000000000000E+000
 0.00000000000000000E+000
 0.00000000000000000E+000
 1.00000000000000004E+036
 1.00000000000000004E+036
 1.00000000000000004E+036
 1.00000000000000004E+036
 1.00000000000000004E+036
 1.00000000000000004E+036
 1.00000000000000004E+036
 1.00000000000000004E+036
 1.00000000000000004E+036
 1.00000000000000004E+036
 1.00000000000000004E+036
 1.00000000000000004E+036
 1.00000000000000004E+036
 1.00000000000000004E+036
 1.00000000000000004E+036
 1.00000000000000004E+036
 1.00000000000000004E+036
 1.00000000000000004E+036
 1.00000000000000004E+036
 1.00000000000000004E+036
 1.00000000000000004E+036
 1.00000000000000004E+036
 1.00000000000000004E+036
 1.00000000000000004E+036
 1.00000000000000004E+036
 1.00000000000000004E+036
 1.00000000000000004E+036
 1.00000000000000004E+036
 1.00000000000000004E+036
 1.00000000000000004E+036
 1.00000000000000004E+036
 1.00000000000000004E+036
 1.00000000000000004E+036
 1.00000000000000004E+036
 1.00000000000000004E+036
 1.00000000000000004E+036
 1.00000000000000004E+036
 1.00000000000000004E+036
 1.00000000000000004E+036
 1.00000000000000004E+036
 1.00000000000000004E+036
 1.00000000000000004E+036
 1.00000000000000004E+036
 1.00000000000000004E+036
 1.00000000000000004E+036
 1.00000000000000004E+036
 1.00000000000000004E+036
 1.00000000000000004E+036
 1.00000000000000004E+036
 1.00000000000000004E+036
 1.00000000000000004E+036
 1.00000000000000004E+036
 1.00000000000000004E+036
 1.00000000000000004E+036
# INPUT: mlcanopy_inst__lsc_profile(1,100)
 0.00000000000000000E+000
 4.98426980019007182E+000
 4.98426980019007182E+000
 4.98426980019007182E+000
 4.98426980019007182E+000
 4.98426980019007182E+000
 4.98426980019007182E+000
 4.98426980019007182E+000
 4.98426980019007182E+000
 4.98426980019007182E+000
 4.98426980019007182E+000
 4.98426980019007182E+000
 4.98426980019007182E+000
 4.98426980019007182E+000
 4.98426980019007182E+000
 4.98426980019007182E+000
 4.98426980019007182E+000
 4.98426980019007182E+000
 4.98426980019007182E+000
 4.98426980019007182E+000
 0.00000000000000000E+000
 0.00000000000000000E+000
 0.00000000000000000E+000
 0.00000000000000000E+000
 0.00000000000000000E+000
 0.00000000000000000E+000
 0.00000000000000000E+000
 0.00000000000000000E+000
 0.00000000000000000E+000
 0.00000000000000000E+000
 0.00000000000000000E+000
 0.00000000000000000E+000
 0.00000000000000000E+000
 0.00000000000000000E+000
 0.00000000000000000E+000
 0.00000000000000000E+000
 0.00000000000000000E+000
 0.00000000000000000E+000
 0.00000000000000000E+000
 0.00000000000000000E+000
 0.00000000000000000E+000
 0.00000000000000000E+000
 0.00000000000000000E+000
 0.00000000000000000E+000
 0.00000000000000000E+000
 0.00000000000000000E+000
 1.00000000000000004E+036
 1.00000000000000004E+036
 1.00000000000000004E+036
 1.00000000000000004E+036
 1.00000000000000004E+036
 1.00000000000000004E+036
 1.00000000000000004E+036
 1.00000000000000004E+036
 1.00000000000000004E+036
 1.00000000000000004E+036
 1.00000000000000004E+036
 1.00000000000000004E+036
 1.00000000000000004E+036
 1.00000000000000004E+036
 1.00000000000000004E+036
 1.00000000000000004E+036
 1.00000000000000004E+036
 1.00000000000000004E+036
 1.00000000000000004E+036
 1.00000000000000004E+036
 1.00000000000000004E+036
 1.00000000000000004E+036
 1.00000000000000004E+036
 1.00000000000000004E+036
 1.00000000000000004E+036
 1.00000000000000004E+036
 1.00000000000000004E+036
 1.00000000000000004E+036
 1.00000000000000004E+036
 1.00000000000000004E+036
 1.00000000000000004E+036
 1.00000000000000004E+036
 1.00000000000000004E+036
 1.00000000000000004E+036
 1.00000000000000004E+036
 1.00000000000000004E+036
 1.00000000000000004E+036
 1.00000000000000004E+036
 1.00000000000000004E+036
 1.00000000000000004E+036
 1.00000000000000004E+036
 1.00000000000000004E+036
 1.00000000000000004E+036
 1.00000000000000004E+036
 1.00000000000000004E+036
 1.00000000000000004E+036
 1.00000000000000004E+036
 1.00000000000000004E+036
 1.00000000000000004E+036
 1.00000000000000004E+036
 1.00000000000000004E+036
 1.00000000000000004E+036
 1.00000000000000004E+036
 1.00000000000000004E+036
# INPUT: mlcanopy_inst__lwp_bef_leaf(1,100,2)
 0.00000000000000000E+000
-4.70031765130195900E-001
-5.55697479381724202E-001
-6.14081100239053823E-001
-6.59201986105931836E-001
-6.97673847294464577E-001
-7.31310280940770330E-001
-7.63335496769912414E-001
-7.95655748367998239E-001
-8.26737259662503998E-001
-8.55974293517638651E-001
-8.85246450787171790E-001
-9.27263822570878915E-001
-9.72680175006587211E-001
-1.02217684014591770E+000
-1.07633932954919231E+000
-1.13529944055277099E+000
-1.19882980451920229E+000
-1.26611877755947444E+000
-1.33235702298470926E+000
 0.00000000000000000E+000
 0.00000000000000000E+000
 0.00000000000000000E+000
 0.00000000000000000E+000
 0.00000000000000000E+000
 0.00000000000000000E+000
 0.00000000000000000E+000
 0.00000000000000000E+000
 0.00000000000000000E+000
 0.00000000000000000E+000
 0.00000000000000000E+000
 0.00000000000000000E+000
 0.00000000000000000E+000
 0.00000000000000000E+000
 0.00000000000000000E+000
 0.00000000000000000E+000
 0.00000000000000000E+000
 0.00000000000000000E+000
 0.00000000000000000E+000
 0.00000000000000000E+000
 0.00000000000000000E+000
 0.00000000000000000E+000
 0.00000000000000000E+000
 0.00000000000000000E+000
 0.00000000000000000E+000
 0.00000000000000000E+000
 1.00000000000000004E+036
 1.00000000000000004E+036
 1.00000000000000004E+036
 1.00000000000000004E+036
 1.00000000000000004E+036
 1.00000000000000004E+036
 1.00000000000000004E+036
 1.00000000000000004E+036
 1.00000000000000004E+036
 1.00000000000000004E+036
 1.00000000000000004E+036
 1.00000000000000004E+036
 1.00000000000000004E+036
 1.00000000000000004E+036
 1.00000000000000004E+036
 1.00000000000000004E+036
 1.00000000000000004E+036
 1.00000000000000004E+036
 1.00000000000000004E+036
 1.00000000000000004E+036
 1.00000000000000004E+036
 1.00000000000000004E+036
 1.00000000000000004E+036
 1.00000000000000004E+036
 1.00000000000000004E+036
 1.00000000000000004E+036
 1.00000000000000004E+036
 1.00000000000000004E+036
 1.00000000000000004E+036
 1.00000000000000004E+036
 1.00000000000000004E+036
 1.00000000000000004E+036
 1.00000000000000004E+036
 1.00000000000000004E+036
 1.00000000000000004E+036
 1.00000000000000004E+036
 1.00000000000000004E+036
 1.00000000000000004E+036
 1.00000000000000004E+036
 1.00000000000000004E+036
 1.00000000000000004E+036
 1.00000000000000004E+036
 1.00000000000000004E+036
 1.00000000000000004E+036
 1.00000000000000004E+036
 1.00000000000000004E+036
 1.00000000000000004E+036
 1.00000000000000004E+036
 1.00000000000000004E+036
 1.00000000000000004E+036
 1.00000000000000004E+036
 1.00000000000000004E+036
 1.00000000000000004E+036
 1.00000000000000004E+036
 0.00000000000000000E+000
-2.33222066363590580E-001
-2.47534866554501881E-001
-2.56899709881421134E-001
-2.67652624456382493E-001
-2.78292214755848089E-001
-2.91871578287512146E-001
-3.04128479728039802E-001
-3.18978658363445633E-001
-3.34790422765334050E-001
-3.55559834561839483E-001
-3.80063015724070419E-001
-4.08261616348459200E-001
-4.45390116856616558E-001
-4.89008891696418257E-001
-5.39949240457327950E-001
-6.01289106621202940E-001
-6.72170924827731664E-001
-7.49898221557005362E-001
-8.24539178720988475E-001
 0.00000000000000000E+000
 0.00000000000000000E+000
 0.00000000000000000E+000
 0.00000000000000000E+000
 0.00000000000000000E+000
 0.00000000000000000E+000
 0.00000000000000000E+000
 0.00000000000000000E+000
 0.00000000000000000E+000
 0.00000000000000000E+000
 0.00000000000000000E+000
 0.00000000000000000E+000
 0.00000000000000000E+000
 0.00000000000000000E+000
 0.00000000000000000E+000
 0.00000000000000000E+000
 0.00000000000000000E+000
 0.00000000000000000E+000
 0.00000000000000000E+000
 0.00000000000000000E+000
 0.00000000000000000E+000
 0.00000000000000000E+000
 0.00000000000000000E+000
 0.00000000000000000E+000
 0.00000000000000000E+000
 0.00000000000000000E+000
 1.00000000000000004E+036
 1.00000000000000004E+036
 1.00000000000000004E+036
 1.00000000000000004E+036
 1.00000000000000004E+036
 1.00000000000000004E+036
 1.00000000000000004E+036
 1.00000000000000004E+036
 1.00000000000000004E+036
 1.00000000000000004E+036
 1.00000000000000004E+036
 1.00000000000000004E+036
 1.00000000000000004E+036
 1.00000000000000004E+036
 1.00000000000000004E+036
 1.00000000000000004E+036
 1.00000000000000004E+036
 1.00000000000000004E+036
 1.00000000000000004E+036
 1.00000000000000004E+036
 1.00000000000000004E+036
 1.00000000000000004E+036
 1.00000000000000004E+036
 1.00000000000000004E+036
 1.00000000000000004E+036
 1.00000000000000004E+036
 1.00000000000000004E+036
 1.00000000000000004E+036
 1.00000000000000004E+036
 1.00000000000000004E+036
 1.00000000000000004E+036
 1.00000000000000004E+036
 1.00000000000000004E+036
 1.00000000000000004E+036
 1.00000000000000004E+036
 1.00000000000000004E+036
 1.00000000000000004E+036
 1.00000000000000004E+036
 1.00000000000000004E+036
 1.00000000000000004E+036
 1.00000000000000004E+036
 1.00000000000000004E+036
 1.00000000000000004E+036
 1.00000000000000004E+036
 1.00000000000000004E+036
 1.00000000000000004E+036
 1.00000000000000004E+036
 1.00000000000000004E+036
 1.00000000000000004E+036
 1.00000000000000004E+036
 1.00000000000000004E+036
 1.00000000000000004E+036
 1.00000000000000004E+036
 1.00000000000000004E+036
# INPUT: mlcanopy_inst__lwp_leaf(1,100,2)
 0.00000000000000000E+000
-5.35121512032717628E-001
-6.35217193732741769E-001
-7.03761976170629633E-001
-7.55617310351030746E-001
-7.99950635113850783E-001
-8.40004404005499028E-001
-8.77419349981788277E-001
-9.15226216719319030E-001
-9.51993716085838382E-001
-9.88344829600270369E-001
-1.01813728480755405E+000
-1.06799651363213166E+000
-1.12159349718180268E+000
-1.18056210367878456E+000
-1.24422834159796336E+000
-1.31485212693483278E+000
-1.39054500011519733E+000
-1.46997739428808405E+000
-1.54611908650388696E+000
 0.00000000000000000E+000
 0.00000000000000000E+000
 0.00000000000000000E+000
 0.00000000000000000E+000
 0.00000000000000000E+000
 0.00000000000000000E+000
 0.00000000000000000E+000
 0.00000000000000000E+000
 0.00000000000000000E+000
 0.00000000000000000E+000
 0.00000000000000000E+000
 0.00000000000000000E+000
 0.00000000000000000E+000
 0.00000000000000000E+000
 0.00000000000000000E+000
 0.00000000000000000E+000
 0.00000000000000000E+000
 0.00000000000000000E+000
 0.00000000000000000E+000
 0.00000000000000000E+000
 0.00000000000000000E+000
 0.00000000000000000E+000
 0.00000000000000000E+000
 0.00000000000000000E+000
 0.00000000000000000E+000
 0.00000000000000000E+000
-1.00000000000000006E-001
-1.00000000000000006E-001
-1.00000000000000006E-001
-1.00000000000000006E-001
-1.00000000000000006E-001
-1.00000000000000006E-001
-1.00000000000000006E-001
-1.00000000000000006E-001
-1.00000000000000006E-001
-1.00000000000000006E-001
-1.00000000000000006E-001
-1.00000000000000006E-001
-1.00000000000000006E-001
-1.00000000000000006E-001
-1.00000000000000006E-001
-1.00000000000000006E-001
-1.00000000000000006E-001
-1.00000000000000006E-001
-1.00000000000000006E-001
-1.00000000000000006E-001
-1.00000000000000006E-001
-1.00000000000000006E-001
-1.00000000000000006E-001
-1.00000000000000006E-001
-1.00000000000000006E-001
-1.00000000000000006E-001
-1.00000000000000006E-001
-1.00000000000000006E-001
-1.00000000000000006E-001
-1.00000000000000006E-001
-1.00000000000000006E-001
-1.00000000000000006E-001
-1.00000000000000006E-001
-1.00000000000000006E-001
-1.00000000000000006E-001
-1.00000000000000006E-001
-1.00000000000000006E-001
-1.00000000000000006E-001
-1.00000000000000006E-001
-1.00000000000000006E-001
-1.00000000000000006E-001
-1.00000000000000006E-001
-1.00000000000000006E-001
-1.00000000000000006E-001
-1.00000000000000006E-001
-1.00000000000000006E-001
-1.00000000000000006E-001
-1.00000000000000006E-001
-1.00000000000000006E-001
-1.00000000000000006E-001
-1.00000000000000006E-001
-1.00000000000000006E-001
-1.00000000000000006E-001
-1.00000000000000006E-001
 0.00000000000000000E+000
-2.57647244173274781E-001
-2.74207072363130466E-001
-2.86884785339807824E-001
-2.99361251015615171E-001
-3.11841581849480021E-001
-3.25725675437751994E-001
-3.40741687948709349E-001
-3.59234365296188130E-001
-3.78371035527990895E-001
-4.02424009259831184E-001
-4.30713369362642651E-001
-4.63355249197883734E-001
-5.07021476489198597E-001
-5.58219070217316204E-001
-6.19036214043673372E-001
-6.90877593345162411E-001
-7.74593634622365967E-001
-8.66925874279180664E-001
-9.54427437020444636E-001
 0.00000000000000000E+000
 0.00000000000000000E+000
 0.00000000000000000E+000
 0.00000000000000000E+000
 0.00000000000000000E+000
 0.00000000000000000E+000
 0.00000000000000000E+000
 0.00000000000000000E+000
 0.00000000000000000E+000
 0.00000000000000000E+000
 0.00000000000000000E+000
 0.00000000000000000E+000
 0.00000000000000000E+000
 0.00000000000000000E+000
 0.00000000000000000E+000
 0.00000000000000000E+000
 0.00000000000000000E+000
 0.00000000000000000E+000
 0.00000000000000000E+000
 0.00000000000000000E+000
 0.00000000000000000E+000
 0.00000000000000000E+000
 0.00000000000000000E+000
 0.00000000000000000E+000
 0.00000000000000000E+000
 0.00000000000000000E+000
-1.00000000000000006E-001
-1.00000000000000006E-001
-1.00000000000000006E-001
-1.00000000000000006E-001
-1.00000000000000006E-001
-1.00000000000000006E-001
-1.00000000000000006E-001
-1.00000000000000006E-001
-1.00000000000000006E-001
-1.00000000000000006E-001
-1.00000000000000006E-001
-1.00000000000000006E-001
-1.00000000000000006E-001
-1.00000000000000006E-001
-1.00000000000000006E-001
-1.00000000000000006E-001
-1.00000000000000006E-001
-1.00000000000000006E-001
-1.00000000000000006E-001
-1.00000000000000006E-001
-1.00000000000000006E-001
-1.00000000000000006E-001
-1.00000000000000006E-001
-1.00000000000000006E-001
-1.00000000000000006E-001
-1.00000000000000006E-001
-1.00000000000000006E-001
-1.00000000000000006E-001
-1.00000000000000006E-001
-1.00000000000000006E-001
-1.00000000000000006E-001
-1.00000000000000006E-001
-1.00000000000000006E-001
-1.00000000000000006E-001
-1.00000000000000006E-001
-1.00000000000000006E-001
-1.00000000000000006E-001
-1.00000000000000006E-001
-1.00000000000000006E-001
-1.00000000000000006E-001
-1.00000000000000006E-001
-1.00000000000000006E-001
-1.00000000000000006E-001
-1.00000000000000006E-001
-1.00000000000000006E-001
-1.00000000000000006E-001
-1.00000000000000006E-001
-1.00000000000000006E-001
-1.00000000000000006E-001
-1.00000000000000006E-001
-1.00000000000000006E-001
-1.00000000000000006E-001
-1.00000000000000006E-001
-1.00000000000000006E-001
# INPUT: mlcanopy_inst__ncan_canopy(1)
46
# INPUT: mlcanopy_inst__psis_soil(1)
-2.34744390717924523E-001
# INPUT: mlcanopy_inst__trleaf_leaf(1,100,2)
 0.00000000000000000E+000
 1.86814610124120054E-003
 2.43723266716077726E-003
 2.81480051426386381E-003
 3.09586797969044680E-003
 3.32620810753477339E-003
 3.52829503525195487E-003
 3.72928858307855233E-003
 3.92579904963619164E-003
 4.11917522242832585E-003
 4.32354200173970006E-003
 4.53019188471019858E-003
 4.69871889163582870E-003
 4.99643857922970908E-003
 5.31607307889362269E-003
 5.67371687780127837E-003
 6.06501813347219438E-003
 6.48522162872799002E-003
 6.86207937344256950E-003
 6.71289749017129917E-003
 0.00000000000000000E+000
 0.00000000000000000E+000
 0.00000000000000000E+000
 0.00000000000000000E+000
 0.00000000000000000E+000
 0.00000000000000000E+000
 0.00000000000000000E+000
 0.00000000000000000E+000
 0.00000000000000000E+000
 0.00000000000000000E+000
 0.00000000000000000E+000
 0.00000000000000000E+000
 0.00000000000000000E+000
 0.00000000000000000E+000
 0.00000000000000000E+000
 0.00000000000000000E+000
 0.00000000000000000E+000
 0.00000000000000000E+000
 0.00000000000000000E+000
 0.00000000000000000E+000
 0.00000000000000000E+000
 0.00000000000000000E+000
 0.00000000000000000E+000
 0.00000000000000000E+000
 0.00000000000000000E+000
 0.00000000000000000E+000
 1.00000000000000004E+036
 1.00000000000000004E+036
 1.00000000000000004E+036
 1.00000000000000004E+036
 1.00000000000000004E+036
 1.00000000000000004E+036
 1.00000000000000004E+036
 1.00000000000000004E+036
 1.00000000000000004E+036
 1.00000000000000004E+036
 1.00000000000000004E+036
 1.00000000000000004E+036
 1.00000000000000004E+036
 1.00000000000000004E+036
 1.00000000000000004E+036
 1.00000000000000004E+036
 1.00000000000000004E+036
 1.00000000000000004E+036
 1.00000000000000004E+036
 1.00000000000000004E+036
 1.00000000000000004E+036
 1.00000000000000004E+036
 1.00000000000000004E+036
 1.00000000000000004E+036
 1.00000000000000004E+036
 1.00000000000000004E+036
 1.00000000000000004E+036
 1.00000000000000004E+036
 1.00000000000000004E+036
 1.00000000000000004E+036
 1.00000000000000004E+036
 1.00000000000000004E+036
 1.00000000000000004E+036
 1.00000000000000004E+036
 1.00000000000000004E+036
 1.00000000000000004E+036
 1.00000000000000004E+036
 1.00000000000000004E+036
 1.00000000000000004E+036
 1.00000000000000004E+036
 1.00000000000000004E+036
 1.00000000000000004E+036
 1.00000000000000004E+036
 1.00000000000000004E+036
 1.00000000000000004E+036
 1.00000000000000004E+036
 1.00000000000000004E+036
 1.00000000000000004E+036
 1.00000000000000004E+036
 1.00000000000000004E+036
 1.00000000000000004E+036
 1.00000000000000004E+036
 1.00000000000000004E+036
 1.00000000000000004E+036
 0.00000000000000000E+000
 2.26145568053865635E-004
 2.97992342095340190E-004
 3.56957581425174097E-004
 4.04941820161330531E-004
 4.53763279547014754E-004
 5.20639512647076306E-004
 5.87861598092992953E-004
 6.55835809885947814E-004
 7.46363463390066766E-004
 8.60902208785391948E-004
 9.99501785068566658E-004
 1.18502077257158478E-003
 1.41589090582039238E-003
 1.69059053694264817E-003
 2.02704836957473327E-003
 2.42235740606993981E-003
 2.89106868054889426E-003
 3.41393300678147779E-003
 3.91849751888967250E-003
 0.00000000000000000E+000
 0.00000000000000000E+000
 0.00000000000000000E+000
 0.00000000000000000E+000
 0.00000000000000000E+000
 0.00000000000000000E+000
 0.00000000000000000E+000
 0.00000000000000000E+000
 0.00000000000000000E+000
 0.00000000000000000E+000
 0.00000000000000000E+000
 0.00000000000000000E+000
 0.00000000000000000E+000
 0.00000000000000000E+000
 0.00000000000000000E+000
 0.00000000000000000E+000
 0.00000000000000000E+000
 0.00000000000000000E+000
 0.00000000000000000E+000
 0.00000000000000000E+000
 0.00000000000000000E+000
 0.00000000000000000E+000
 0.00000000000000000E+000
 0.00000000000000000E+000
 0.00000000000000000E+000
 0.00000000000000000E+000
 1.00000000000000004E+036
 1.00000000000000004E+036
 1.00000000000000004E+036
 1.00000000000000004E+036
 1.00000000000000004E+036
 1.00000000000000004E+036
 1.00000000000000004E+036
 1.00000000000000004E+036
 1.00000000000000004E+036
 1.00000000000000004E+036
 1.00000000000000004E+036
 1.00000000000000004E+036
 1.00000000000000004E+036
 1.00000000000000004E+036
 1.00000000000000004E+036
 1.00000000000000004E+036
 1.00000000000000004E+036
 1.00000000000000004E+036
 1.00000000000000004E+036
 1.00000000000000004E+036
 1.00000000000000004E+036
 1.00000000000000004E+036
 1.00000000000000004E+036
 1.00000000000000004E+036
 1.00000000000000004E+036
 1.00000000000000004E+036
 1.00000000000000004E+036
 1.00000000000000004E+036
 1.00000000000000004E+036
 1.00000000000000004E+036
 1.00000000000000004E+036
 1.00000000000000004E+036
 1.00000000000000004E+036
 1.00000000000000004E+036
 1.00000000000000004E+036
 1.00000000000000004E+036
 1.00000000000000004E+036
 1.00000000000000004E+036
 1.00000000000000004E+036
 1.00000000000000004E+036
 1.00000000000000004E+036
 1.00000000000000004E+036
 1.00000000000000004E+036
 1.00000000000000004E+036
 1.00000000000000004E+036
 1.00000000000000004E+036
 1.00000000000000004E+036
 1.00000000000000004E+036
 1.00000000000000004E+036
 1.00000000000000004E+036
 1.00000000000000004E+036
 1.00000000000000004E+036
 1.00000000000000004E+036
 1.00000000000000004E+036
# INPUT: mlcanopy_inst__zs_profile(1,100)
 2.50000000000000000E-001
 7.50000000000000000E-001
 1.25000000000000000E+000
 1.75000000000000000E+000
 2.25000000000000000E+000
 2.75000000000000000E+000
 3.25000000000000000E+000
 3.75000000000000000E+000
 4.25000000000000000E+000
 4.75000000000000000E+000
 5.25000000000000000E+000
 5.75000000000000000E+000
 6.25000000000000000E+000
 6.75000000000000000E+000
 7.25000000000000000E+000
 7.75000000000000000E+000
 8.25000000000000000E+000
 8.75000000000000000E+000
 9.25000000000000000E+000
 9.75000000000000000E+000
 1.02500000000000000E+001
 1.07500000000000000E+001
 1.12500000000000000E+001
 1.17500000000000000E+001
 1.22500000000000000E+001
 1.27500000000000000E+001
 1.32500000000000000E+001
 1.37500000000000000E+001
 1.42500000000000000E+001
 1.47500000000000000E+001
 1.52500000000000000E+001
 1.57500000000000000E+001
 1.62500000000000000E+001
 1.67500000000000000E+001
 1.72500000000000000E+001
 1.77500000000000000E+001
 1.82500000000000000E+001
 1.87500000000000000E+001
 1.92500000000000000E+001
 1.97500000000000000E+001
 2.02500000000000000E+001
 2.07500000000000000E+001
 2.12500000000000000E+001
 2.17500000000000000E+001
 2.22500000000000000E+001
 2.27500000000000000E+001
 1.00000000000000004E+036
 1.00000000000000004E+036
 1.00000000000000004E+036
 1.00000000000000004E+036
 1.00000000000000004E+036
 1.00000000000000004E+036
 1.00000000000000004E+036
 1.00000000000000004E+036
 1.00000000000000004E+036
 1.00000000000000004E+036
 1.00000000000000004E+036
 1.00000000000000004E+036
 1.00000000000000004E+036
 1.00000000000000004E+036
 1.00000000000000004E+036
 1.00000000000000004E+036
 1.00000000000000004E+036
 1.00000000000000004E+036
 1.00000000000000004E+036
 1.00000000000000004E+036
 1.00000000000000004E+036
 1.00000000000000004E+036
 1.00000000000000004E+036
 1.00000000000000004E+036
 1.00000000000000004E+036
 1.00000000000000004E+036
 1.00000000000000004E+036
 1.00000000000000004E+036
 1.00000000000000004E+036
 1.00000000000000004E+036
 1.00000000000000004E+036
 1.00000000000000004E+036
 1.00000000000000004E+036
 1.00000000000000004E+036
 1.00000000000000004E+036
 1.00000000000000004E+036
 1.00000000000000004E+036
 1.00000000000000004E+036
 1.00000000000000004E+036
 1.00000000000000004E+036
 1.00000000000000004E+036
 1.00000000000000004E+036
 1.00000000000000004E+036
 1.00000000000000004E+036
 1.00000000000000004E+036
 1.00000000000000004E+036
 1.00000000000000004E+036
 1.00000000000000004E+036
 1.00000000000000004E+036
 1.00000000000000004E+036
 1.00000000000000004E+036
 1.00000000000000004E+036
 1.00000000000000004E+036
 1.00000000000000004E+036
# INPUT: mlpftcon__capac_spa(79)
-9.99000000000000000E+002
 2.50000000000000000E+003
 2.50000000000000000E+003
 2.50000000000000000E+003
 2.50000000000000000E+003
 2.50000000000000000E+003
 2.50000000000000000E+003
 2.50000000000000000E+003
 2.50000000000000000E+003
 2.50000000000000000E+003
 2.50000000000000000E+003
 2.50000000000000000E+003
 5.00000000000000000E+002
 5.00000000000000000E+002
 5.00000000000000000E+002
 5.00000000000000000E+002
 5.00000000000000000E+002
-9.99000000000000000E+002
-9.99000000000000000E+002
-9.99000000000000000E+002
-9.99000000000000000E+002
-9.99000000000000000E+002
-9.99000000000000000E+002
-9.99000000000000000E+002
-9.99000000000000000E+002
-9.99000000000000000E+002
-9.99000000000000000E+002
-9.99000000000000000E+002
-9.99000000000000000E+002
-9.99000000000000000E+002
-9.99000000000000000E+002
-9.99000000000000000E+002
-9.99000000000000000E+002
-9.99000000000000000E+002
-9.99000000000000000E+002
-9.99000000000000000E+002
-9.99000000000000000E+002
-9.99000000000000000E+002
-9.99000000000000000E+002
-9.99000000000000000E+002
-9.99000000000000000E+002
-9.99000000000000000E+002
-9.99000000000000000E+002
-9.99000000000000000E+002
-9.99000000000000000E+002
-9.99000000000000000E+002
-9.99000000000000000E+002
-9.99000000000000000E+002
-9.99000000000000000E+002
-9.99000000000000000E+002
-9.99000000000000000E+002
-9.99000000000000000E+002
-9.99000000000000000E+002
-9.99000000000000000E+002
-9.99000000000000000E+002
-9.99000000000000000E+002
-9.99000000000000000E+002
-9.99000000000000000E+002
-9.99000000000000000E+002
-9.99000000000000000E+002
-9.99000000000000000E+002
-9.99000000000000000E+002
-9.99000000000000000E+002
-9.99000000000000000E+002
-9.99000000000000000E+002
-9.99000000000000000E+002
-9.99000000000000000E+002
-9.99000000000000000E+002
-9.99000000000000000E+002
-9.99000000000000000E+002
-9.99000000000000000E+002
-9.99000000000000000E+002
-9.99000000000000000E+002
-9.99000000000000000E+002
-9.99000000000000000E+002
-9.99000000000000000E+002
-9.99000000000000000E+002
-9.99000000000000000E+002
-9.99000000000000000E+002
# INPUT: patch__itype(1)
7
# INPUT: clm_varcon__denh2o
 1.00000000000000000E+003
# INPUT: clm_varcon__grav
 9.80664999999999942E+000
# INPUT: mlclm_varctl__dtime_ml
 3.00000000000000000E+002
# OUTPUT: mlcanopy_inst__lwp_leaf(1,100,2)
 0.00000000000000000E+000
-5.36148205344933237E-001
-6.36855337201138294E-001
-7.05264547182548607E-001
-7.57665885379100179E-001
-8.01829856835281518E-001
-8.40783404019519010E-001
-8.78752277429434958E-001
-9.16478488949272529E-001
-9.53240508968279499E-001
-9.89980955967027842E-001
-1.02694691270726879E+000
-1.06747776191752797E+000
-1.12154549776759982E+000
-1.17983601123923787E+000
-1.24412480929576730E+000
-1.31409132638433657E+000
-1.38918107950515735E+000
-1.46242275211504769E+000
-1.48757771981709430E+000
 0.00000000000000000E+000
 0.00000000000000000E+000
 0.00000000000000000E+000
 0.00000000000000000E+000
 0.00000000000000000E+000
 0.00000000000000000E+000
 0.00000000000000000E+000
 0.00000000000000000E+000
 0.00000000000000000E+000
 0.00000000000000000E+000
 0.00000000000000000E+000
 0.00000000000000000E+000
 0.00000000000000000E+000
 0.00000000000000000E+000
 0.00000000000000000E+000
 0.00000000000000000E+000
 0.00000000000000000E+000
 0.00000000000000000E+000
 0.00000000000000000E+000
 0.00000000000000000E+000
 0.00000000000000000E+000
 0.00000000000000000E+000
 0.00000000000000000E+000
 0.00000000000000000E+000
 0.00000000000000000E+000
 0.00000000000000000E+000
-1.00000000000000006E-001
-1.00000000000000006E-001
-1.00000000000000006E-001
-1.00000000000000006E-001
-1.00000000000000006E-001
-1.00000000000000006E-001
-1.00000000000000006E-001
-1.00000000000000006E-001
-1.00000000000000006E-001
-1.00000000000000006E-001
-1.00000000000000006E-001
-1.00000000000000006E-001
-1.00000000000000006E-001
-1.00000000000000006E-001
-1.00000000000000006E-001
-1.00000000000000006E-001
-1.00000000000000006E-001
-1.00000000000000006E-001
-1.00000000000000006E-001
-1.00000000000000006E-001
-1.00000000000000006E-001
-1.00000000000000006E-001
-1.00000000000000006E-001
-1.00000000000000006E-001
-1.00000000000000006E-001
-1.00000000000000006E-001
-1.00000000000000006E-001
-1.00000000000000006E-001
-1.00000000000000006E-001
-1.00000000000000006E-001
-1.00000000000000006E-001
-1.00000000000000006E-001
-1.00000000000000006E-001
-1.00000000000000006E-001
-1.00000000000000006E-001
-1.00000000000000006E-001
-1.00000000000000006E-001
-1.00000000000000006E-001
-1.00000000000000006E-001
-1.00000000000000006E-001
-1.00000000000000006E-001
-1.00000000000000006E-001
-1.00000000000000006E-001
-1.00000000000000006E-001
-1.00000000000000006E-001
-1.00000000000000006E-001
-1.00000000000000006E-001
-1.00000000000000006E-001
-1.00000000000000006E-001
-1.00000000000000006E-001
-1.00000000000000006E-001
-1.00000000000000006E-001
-1.00000000000000006E-001
-1.00000000000000006E-001
 0.00000000000000000E+000
-2.57647244173274781E-001
-2.74207072363130466E-001
-2.86884785339807824E-001
-2.99361251015615171E-001
-3.11841581849480021E-001
-3.25725675437751994E-001
-3.40741687948709349E-001
-3.59234365296188130E-001
-3.78371035527990895E-001
-4.02424009259831184E-001
-4.30713369362642651E-001
-4.63355249197883734E-001
-5.07021476489198597E-001
-5.58219070217316204E-001
-6.19036214043673372E-001
-6.90877593345162411E-001
-7.74593634622365967E-001
-8.66925874279180664E-001
-9.54427437020444636E-001
 0.00000000000000000E+000
 0.00000000000000000E+000
 0.00000000000000000E+000
 0.00000000000000000E+000
 0.00000000000000000E+000
 0.00000000000000000E+000
 0.00000000000000000E+000
 0.00000000000000000E+000
 0.00000000000000000E+000
 0.00000000000000000E+000
 0.00000000000000000E+000
 0.00000000000000000E+000
 0.00000000000000000E+000
 0.00000000000000000E+000
 0.00000000000000000E+000
 0.00000000000000000E+000
 0.00000000000000000E+000
 0.00000000000000000E+000
 0.00000000000000000E+000
 0.00000000000000000E+000
 0.00000000000000000E+000
 0.00000000000000000E+000
 0.00000000000000000E+000
 0.00000000000000000E+000
 0.00000000000000000E+000
 0.00000000000000000E+000
-1.00000000000000006E-001
-1.00000000000000006E-001
-1.00000000000000006E-001
-1.00000000000000006E-001
-1.00000000000000006E-001
-1.00000000000000006E-001
-1.00000000000000006E-001
-1.00000000000000006E-001
-1.00000000000000006E-001
-1.00000000000000006E-001
-1.00000000000000006E-001
-1.00000000000000006E-001
-1.00000000000000006E-001
-1.00000000000000006E-001
-1.00000000000000006E-001
-1.00000000000000006E-001
-1.00000000000000006E-001
-1.00000000000000006E-001
-1.00000000000000006E-001
-1.00000000000000006E-001
-1.00000000000000006E-001
-1.00000000000000006E-001
-1.00000000000000006E-001
-1.00000000000000006E-001
-1.00000000000000006E-001
-1.00000000000000006E-001
-1.00000000000000006E-001
-1.00000000000000006E-001
-1.00000000000000006E-001
-1.00000000000000006E-001
-1.00000000000000006E-001
-1.00000000000000006E-001
-1.00000000000000006E-001
-1.00000000000000006E-001
-1.00000000000000006E-001
-1.00000000000000006E-001
-1.00000000000000006E-001
-1.00000000000000006E-001
-1.00000000000000006E-001
-1.00000000000000006E-001
-1.00000000000000006E-001
-1.00000000000000006E-001
-1.00000000000000006E-001
-1.00000000000000006E-001
-1.00000000000000006E-001
-1.00000000000000006E-001
-1.00000000000000006E-001
-1.00000000000000006E-001
-1.00000000000000006E-001
-1.00000000000000006E-001
-1.00000000000000006E-001
-1.00000000000000006E-001
-1.00000000000000006E-001
-1.00000000000000006E-001
