# PROBE mlplanthydraulicsmod.soilresistance_flat: call=47
# num_filter = 1
# np_ = 1
# INPUT: filter(1)
1
# INPUT: col__dz(1,37)
 1.00000000000000004E+036
 1.00000000000000004E+036
 1.00000000000000004E+036
 1.00000000000000004E+036
 1.00000000000000004E+036
 1.00000000000000004E+036
 1.00000000000000004E+036
 1.00000000000000004E+036
 1.00000000000000004E+036
 1.00000000000000004E+036
 1.00000000000000004E+036
 1.00000000000000004E+036
 2.00000000000000004E-002
 4.00000000000000008E-002
 5.99999999999999978E-002
 8.00000000000000017E-002
 1.19999999999999996E-001
 1.60000000000000003E-001
 2.00000000000000011E-001
 2.39999999999999991E-001
 2.80000000000000027E-001
 3.20000000000000007E-001
 3.60000000000000042E-001
 4.00000000000000022E-001
 4.40000000000000002E-001
 5.40000000000000036E-001
 6.40000000000000013E-001
 7.39999999999999991E-001
 8.40000000000000080E-001
 9.39999999999999947E-001
 1.04000000000000004E+000
 1.14000000000000012E+000
 2.39000000000000012E+000
 4.67553390593273832E+000
 7.63519052838329060E+000
 1.11400000000000006E+001
 1.51154248593736860E+001
# INPUT: col__nbedrock(1)
12
# INPUT: mlcanopy_inst__lai_canopy(1)
 2.00000000000000000E+000
# INPUT: mlcanopy_inst__psis_soil(1)
-2.50024505940568131E-001
# INPUT: mlcanopy_inst__root_biomass_canopy(1)
 5.00000000000000000E+002
# INPUT: mlcanopy_inst__rsoil_soil(1)
 5.89193217685923393E-002
# INPUT: mlcanopy_inst__soil_et_loss_soil(1,25)
 4.60300674360474837E-002
 7.99161101185561912E-002
 7.98716760721742275E-002
 1.91568958232514880E-001
 2.00817402490159391E-001
 1.64699666904759928E-001
 1.18571186024885519E-001
 6.70583400217894809E-002
 3.22221184338484165E-002
 1.31451936598476257E-002
 4.65815640057314767E-003
 1.44112420484353537E-003
 0.00000000000000000E+000
 0.00000000000000000E+000
 0.00000000000000000E+000
 0.00000000000000000E+000
 0.00000000000000000E+000
 0.00000000000000000E+000
 0.00000000000000000E+000
 0.00000000000000000E+000
 0.00000000000000000E+000
 0.00000000000000000E+000
 0.00000000000000000E+000
 0.00000000000000000E+000
 0.00000000000000000E+000
# INPUT: mlpftcon__root_density_spa(79)
-9.99000000000000000E+002
 3.10000000000000000E+005
 3.10000000000000000E+005
 3.10000000000000000E+005
 3.10000000000000000E+005
 3.10000000000000000E+005
 3.10000000000000000E+005
 3.10000000000000000E+005
 3.10000000000000000E+005
 3.10000000000000000E+005
 3.10000000000000000E+005
 3.10000000000000000E+005
 3.10000000000000000E+005
 3.10000000000000000E+005
 3.10000000000000000E+005
 3.10000000000000000E+005
 3.10000000000000000E+005
-9.99000000000000000E+002
-9.99000000000000000E+002
-9.99000000000000000E+002
-9.99000000000000000E+002
-9.99000000000000000E+002
-9.99000000000000000E+002
-9.99000000000000000E+002
-9.99000000000000000E+002
-9.99000000000000000E+002
-9.99000000000000000E+002
-9.99000000000000000E+002
-9.99000000000000000E+002
-9.99000000000000000E+002
-9.99000000000000000E+002
-9.99000000000000000E+002
-9.99000000000000000E+002
-9.99000000000000000E+002
-9.99000000000000000E+002
-9.99000000000000000E+002
-9.99000000000000000E+002
-9.99000000000000000E+002
-9.99000000000000000E+002
-9.99000000000000000E+002
-9.99000000000000000E+002
-9.99000000000000000E+002
-9.99000000000000000E+002
-9.99000000000000000E+002
-9.99000000000000000E+002
-9.99000000000000000E+002
-9.99000000000000000E+002
-9.99000000000000000E+002
-9.99000000000000000E+002
-9.99000000000000000E+002
-9.99000000000000000E+002
-9.99000000000000000E+002
-9.99000000000000000E+002
-9.99000000000000000E+002
-9.99000000000000000E+002
-9.99000000000000000E+002
-9.99000000000000000E+002
-9.99000000000000000E+002
-9.99000000000000000E+002
-9.99000000000000000E+002
-9.99000000000000000E+002
-9.99000000000000000E+002
-9.99000000000000000E+002
-9.99000000000000000E+002
-9.99000000000000000E+002
-9.99000000000000000E+002
-9.99000000000000000E+002
-9.99000000000000000E+002
-9.99000000000000000E+002
-9.99000000000000000E+002
-9.99000000000000000E+002
-9.99000000000000000E+002
-9.99000000000000000E+002
-9.99000000000000000E+002
-9.99000000000000000E+002
-9.99000000000000000E+002
-9.99000000000000000E+002
-9.99000000000000000E+002
-9.99000000000000000E+002
# INPUT: mlpftcon__root_radius_spa(79)
-9.99000000000000000E+002
 2.90000000000000002E-004
 2.90000000000000002E-004
 2.90000000000000002E-004
 2.90000000000000002E-004
 2.90000000000000002E-004
 2.90000000000000002E-004
 2.90000000000000002E-004
 2.90000000000000002E-004
 2.90000000000000002E-004
 2.90000000000000002E-004
 2.90000000000000002E-004
 2.90000000000000002E-004
 2.90000000000000002E-004
 2.90000000000000002E-004
 2.90000000000000002E-004
 2.90000000000000002E-004
-9.99000000000000000E+002
-9.99000000000000000E+002
-9.99000000000000000E+002
-9.99000000000000000E+002
-9.99000000000000000E+002
-9.99000000000000000E+002
-9.99000000000000000E+002
-9.99000000000000000E+002
-9.99000000000000000E+002
-9.99000000000000000E+002
-9.99000000000000000E+002
-9.99000000000000000E+002
-9.99000000000000000E+002
-9.99000000000000000E+002
-9.99000000000000000E+002
-9.99000000000000000E+002
-9.99000000000000000E+002
-9.99000000000000000E+002
-9.99000000000000000E+002
-9.99000000000000000E+002
-9.99000000000000000E+002
-9.99000000000000000E+002
-9.99000000000000000E+002
-9.99000000000000000E+002
-9.99000000000000000E+002
-9.99000000000000000E+002
-9.99000000000000000E+002
-9.99000000000000000E+002
-9.99000000000000000E+002
-9.99000000000000000E+002
-9.99000000000000000E+002
-9.99000000000000000E+002
-9.99000000000000000E+002
-9.99000000000000000E+002
-9.99000000000000000E+002
-9.99000000000000000E+002
-9.99000000000000000E+002
-9.99000000000000000E+002
-9.99000000000000000E+002
-9.99000000000000000E+002
-9.99000000000000000E+002
-9.99000000000000000E+002
-9.99000000000000000E+002
-9.99000000000000000E+002
-9.99000000000000000E+002
-9.99000000000000000E+002
-9.99000000000000000E+002
-9.99000000000000000E+002
-9.99000000000000000E+002
-9.99000000000000000E+002
-9.99000000000000000E+002
-9.99000000000000000E+002
-9.99000000000000000E+002
-9.99000000000000000E+002
-9.99000000000000000E+002
-9.99000000000000000E+002
-9.99000000000000000E+002
-9.99000000000000000E+002
-9.99000000000000000E+002
-9.99000000000000000E+002
-9.99000000000000000E+002
-9.99000000000000000E+002
# INPUT: mlpftcon__root_resist_spa(79)
-9.99000000000000000E+002
 2.50000000000000000E+001
 2.50000000000000000E+001
 2.50000000000000000E+001
 2.50000000000000000E+001
 2.50000000000000000E+001
 2.50000000000000000E+001
 1.40000000000000000E+001
 2.50000000000000000E+001
 2.50000000000000000E+001
 2.50000000000000000E+001
 2.50000000000000000E+001
 2.50000000000000000E+001
 2.50000000000000000E+001
 2.50000000000000000E+001
 2.50000000000000000E+001
 2.50000000000000000E+001
-9.99000000000000000E+002
-9.99000000000000000E+002
-9.99000000000000000E+002
-9.99000000000000000E+002
-9.99000000000000000E+002
-9.99000000000000000E+002
-9.99000000000000000E+002
-9.99000000000000000E+002
-9.99000000000000000E+002
-9.99000000000000000E+002
-9.99000000000000000E+002
-9.99000000000000000E+002
-9.99000000000000000E+002
-9.99000000000000000E+002
-9.99000000000000000E+002
-9.99000000000000000E+002
-9.99000000000000000E+002
-9.99000000000000000E+002
-9.99000000000000000E+002
-9.99000000000000000E+002
-9.99000000000000000E+002
-9.99000000000000000E+002
-9.99000000000000000E+002
-9.99000000000000000E+002
-9.99000000000000000E+002
-9.99000000000000000E+002
-9.99000000000000000E+002
-9.99000000000000000E+002
-9.99000000000000000E+002
-9.99000000000000000E+002
-9.99000000000000000E+002
-9.99000000000000000E+002
-9.99000000000000000E+002
-9.99000000000000000E+002
-9.99000000000000000E+002
-9.99000000000000000E+002
-9.99000000000000000E+002
-9.99000000000000000E+002
-9.99000000000000000E+002
-9.99000000000000000E+002
-9.99000000000000000E+002
-9.99000000000000000E+002
-9.99000000000000000E+002
-9.99000000000000000E+002
-9.99000000000000000E+002
-9.99000000000000000E+002
-9.99000000000000000E+002
-9.99000000000000000E+002
-9.99000000000000000E+002
-9.99000000000000000E+002
-9.99000000000000000E+002
-9.99000000000000000E+002
-9.99000000000000000E+002
-9.99000000000000000E+002
-9.99000000000000000E+002
-9.99000000000000000E+002
-9.99000000000000000E+002
-9.99000000000000000E+002
-9.99000000000000000E+002
-9.99000000000000000E+002
-9.99000000000000000E+002
-9.99000000000000000E+002
# INPUT: patch__column(1)
1
# INPUT: patch__itype(1)
7
# INPUT: soilstate_inst__hk_l_col(1,25)
 3.27385129175181342E-009
 3.15408084202361005E-009
 2.14306697900012012E-009
 6.95158961386910385E-007
 4.11376154988368064E-007
 3.74976666084735551E-007
 6.60916457298917591E-005
 6.30436656126248717E-005
 9.09238612412115632E-005
 2.68501954881584525E-005
 3.93766382372868161E-005
 6.09593734017129551E-005
 1.00000000000000004E+036
 1.00000000000000004E+036
 1.00000000000000004E+036
 1.00000000000000004E+036
 1.00000000000000004E+036
 1.00000000000000004E+036
 1.00000000000000004E+036
 1.00000000000000004E+036
 1.00000000000000004E+036
 1.00000000000000004E+036
 1.00000000000000004E+036
 1.00000000000000004E+036
 1.00000000000000004E+036
# INPUT: soilstate_inst__rootfr_patch(1,25)
 6.68753042696999950E-002
 1.20613610297439652E-001
 1.52328990106235795E-001
 1.59647735161716042E-001
 1.70117374416013212E-001
 1.40539847266295426E-001
 9.49384237949527365E-002
 5.37037155711166878E-002
 2.57676582405585095E-002
 1.05741551941342399E-002
 3.73888420798884624E-003
 1.15430147372858126E-003
 0.00000000000000000E+000
 0.00000000000000000E+000
 0.00000000000000000E+000
 0.00000000000000000E+000
 0.00000000000000000E+000
 0.00000000000000000E+000
 0.00000000000000000E+000
 0.00000000000000000E+000
 0.00000000000000000E+000
 0.00000000000000000E+000
 0.00000000000000000E+000
 0.00000000000000000E+000
 0.00000000000000000E+000
# INPUT: soilstate_inst__smp_l_col(1,25)
-7.79804978658497275E+004
-8.19226749548088846E+004
-1.01256123803936745E+005
-9.80712890006944144E+003
-1.28592783725749268E+004
-1.41983434090862665E+004
-1.99593212799102639E+003
-2.03636951120466438E+003
-1.74299445043135324E+003
-2.92638767365575131E+003
-2.48707775739006593E+003
-2.06566195417533618E+003
 1.00000000000000004E+036
 1.00000000000000004E+036
 1.00000000000000004E+036
 1.00000000000000004E+036
 1.00000000000000004E+036
 1.00000000000000004E+036
 1.00000000000000004E+036
 1.00000000000000004E+036
 1.00000000000000004E+036
 1.00000000000000004E+036
 1.00000000000000004E+036
 1.00000000000000004E+036
 1.00000000000000004E+036
# INPUT: waterstatebulk_inst__h2osoi_ice_col(1,37)
 1.00000000000000004E+036
 1.00000000000000004E+036
 1.00000000000000004E+036
 1.00000000000000004E+036
 1.00000000000000004E+036
 1.00000000000000004E+036
 1.00000000000000004E+036
 1.00000000000000004E+036
 1.00000000000000004E+036
 1.00000000000000004E+036
 1.00000000000000004E+036
 1.00000000000000004E+036
 0.00000000000000000E+000
 0.00000000000000000E+000
 0.00000000000000000E+000
 0.00000000000000000E+000
 0.00000000000000000E+000
 0.00000000000000000E+000
 0.00000000000000000E+000
 0.00000000000000000E+000
 0.00000000000000000E+000
 0.00000000000000000E+000
 0.00000000000000000E+000
 0.00000000000000000E+000
 0.00000000000000000E+000
 0.00000000000000000E+000
 0.00000000000000000E+000
 0.00000000000000000E+000
 0.00000000000000000E+000
 0.00000000000000000E+000
 0.00000000000000000E+000
 0.00000000000000000E+000
 0.00000000000000000E+000
 0.00000000000000000E+000
 0.00000000000000000E+000
 0.00000000000000000E+000
 0.00000000000000000E+000
# INPUT: clm_varcon__denh2o
 1.00000000000000000E+003
# INPUT: clm_varcon__grav
 9.80664999999999942E+000
# INPUT: clm_varpar__nlevgrnd
25
# INPUT: clm_varpar__nlevsno
12
# INPUT: clm_varpar__nlevsoi
20
# INPUT: mlclm_varcon__mmh2o
 1.80200000000000013E-002
# OUTPUT: mlcanopy_inst__psis_soil(1)
-2.50152856452008243E-001
# OUTPUT: mlcanopy_inst__rsoil_soil(1)
 5.89186966922752506E-002
# OUTPUT: mlcanopy_inst__soil_et_loss_soil(1,25)
 4.60541499429176215E-002
 7.99192942607130363E-002
 7.98817883743971752E-002
 1.91553839548404048E-001
 2.00799084345674922E-001
 1.64687884889181235E-001
 1.18574920212804968E-001
 6.70606214346055746E-002
 3.22232841492202451E-002
 1.31456386340269623E-002
 4.65831902679732842E-003
 1.44117518125673407E-003
 0.00000000000000000E+000
 0.00000000000000000E+000
 0.00000000000000000E+000
 0.00000000000000000E+000
 0.00000000000000000E+000
 0.00000000000000000E+000
 0.00000000000000000E+000
 0.00000000000000000E+000
 0.00000000000000000E+000
 0.00000000000000000E+000
 0.00000000000000000E+000
 0.00000000000000000E+000
 0.00000000000000000E+000
