# PROBE mllongwaveradiationmod.longwaveradiation_flat: call=27
# num_filter = 1
# np_ = 1
# INPUT: filter(1)
1
# INPUT: mlcanopy_inst__dpai_profile(1,100)
 0.00000000000000000E+000
 1.78551353570273429E-002
 3.11655641162021727E-002
 4.57148859213814471E-002
 6.12493639624123037E-002
 7.75313959945820030E-002
 9.43346110262384407E-002
 1.11434803884834954E-001
 1.28601049978836285E-001
 1.45586493163041897E-001
 1.62117246374047785E-001
 1.77877862367811335E-001
 1.92490098223176753E-001
 2.05479351517816183E-001
 2.16217367616885509E-001
 2.23814705886579951E-001
 2.26892468212283621E-001
 2.23004465358848158E-001
 2.06653578762819423E-001
 1.51979540354245490E-001
 0.00000000000000000E+000
 0.00000000000000000E+000
 0.00000000000000000E+000
 0.00000000000000000E+000
 0.00000000000000000E+000
 0.00000000000000000E+000
 0.00000000000000000E+000
 0.00000000000000000E+000
 0.00000000000000000E+000
 0.00000000000000000E+000
 0.00000000000000000E+000
 0.00000000000000000E+000
 0.00000000000000000E+000
 0.00000000000000000E+000
 0.00000000000000000E+000
 0.00000000000000000E+000
 0.00000000000000000E+000
 0.00000000000000000E+000
 0.00000000000000000E+000
 0.00000000000000000E+000
 0.00000000000000000E+000
 0.00000000000000000E+000
 0.00000000000000000E+000
 0.00000000000000000E+000
 0.00000000000000000E+000
 0.00000000000000000E+000
 1.00000000000000004E+036
 1.00000000000000004E+036
 1.00000000000000004E+036
 1.00000000000000004E+036
 1.00000000000000004E+036
 1.00000000000000004E+036
 1.00000000000000004E+036
 1.00000000000000004E+036
 1.00000000000000004E+036
 1.00000000000000004E+036
 1.00000000000000004E+036
 1.00000000000000004E+036
 1.00000000000000004E+036
 1.00000000000000004E+036
 1.00000000000000004E+036
 1.00000000000000004E+036
 1.00000000000000004E+036
 1.00000000000000004E+036
 1.00000000000000004E+036
 1.00000000000000004E+036
 1.00000000000000004E+036
 1.00000000000000004E+036
 1.00000000000000004E+036
 1.00000000000000004E+036
 1.00000000000000004E+036
 1.00000000000000004E+036
 1.00000000000000004E+036
 1.00000000000000004E+036
 1.00000000000000004E+036
 1.00000000000000004E+036
 1.00000000000000004E+036
 1.00000000000000004E+036
 1.00000000000000004E+036
 1.00000000000000004E+036
 1.00000000000000004E+036
 1.00000000000000004E+036
 1.00000000000000004E+036
 1.00000000000000004E+036
 1.00000000000000004E+036
 1.00000000000000004E+036
 1.00000000000000004E+036
 1.00000000000000004E+036
 1.00000000000000004E+036
 1.00000000000000004E+036
 1.00000000000000004E+036
 1.00000000000000004E+036
 1.00000000000000004E+036
 1.00000000000000004E+036
 1.00000000000000004E+036
 1.00000000000000004E+036
 1.00000000000000004E+036
 1.00000000000000004E+036
 1.00000000000000004E+036
 1.00000000000000004E+036
# INPUT: mlcanopy_inst__fracsun_profile(1,100)
 0.00000000000000000E+000
 9.37094838386290929E-002
 9.57541806677823792E-002
 9.90514598051260020E-002
 1.03829059658452197E-001
 1.10373205650618561E-001
 1.19052328329223633E-001
 1.30346078691212369E-001
 1.44881467067315195E-001
 1.63478126316192768E-001
 1.87204166183779802E-001
 2.17442388392849073E-001
 2.55962398774137068E-001
 3.04984524296777693E-001
 3.67200600142404965E-001
 4.45671857042995001E-001
 5.43424310234236430E-001
 6.62314440082217293E-001
 7.99924559836225679E-001
 9.36028012942287435E-001
 0.00000000000000000E+000
 0.00000000000000000E+000
 0.00000000000000000E+000
 0.00000000000000000E+000
 0.00000000000000000E+000
 0.00000000000000000E+000
 0.00000000000000000E+000
 0.00000000000000000E+000
 0.00000000000000000E+000
 0.00000000000000000E+000
 0.00000000000000000E+000
 0.00000000000000000E+000
 0.00000000000000000E+000
 0.00000000000000000E+000
 0.00000000000000000E+000
 0.00000000000000000E+000
 0.00000000000000000E+000
 0.00000000000000000E+000
 0.00000000000000000E+000
 0.00000000000000000E+000
 0.00000000000000000E+000
 0.00000000000000000E+000
 0.00000000000000000E+000
 0.00000000000000000E+000
 0.00000000000000000E+000
 0.00000000000000000E+000
 1.00000000000000004E+036
 1.00000000000000004E+036
 1.00000000000000004E+036
 1.00000000000000004E+036
 1.00000000000000004E+036
 1.00000000000000004E+036
 1.00000000000000004E+036
 1.00000000000000004E+036
 1.00000000000000004E+036
 1.00000000000000004E+036
 1.00000000000000004E+036
 1.00000000000000004E+036
 1.00000000000000004E+036
 1.00000000000000004E+036
 1.00000000000000004E+036
 1.00000000000000004E+036
 1.00000000000000004E+036
 1.00000000000000004E+036
 1.00000000000000004E+036
 1.00000000000000004E+036
 1.00000000000000004E+036
 1.00000000000000004E+036
 1.00000000000000004E+036
 1.00000000000000004E+036
 1.00000000000000004E+036
 1.00000000000000004E+036
 1.00000000000000004E+036
 1.00000000000000004E+036
 1.00000000000000004E+036
 1.00000000000000004E+036
 1.00000000000000004E+036
 1.00000000000000004E+036
 1.00000000000000004E+036
 1.00000000000000004E+036
 1.00000000000000004E+036
 1.00000000000000004E+036
 1.00000000000000004E+036
 1.00000000000000004E+036
 1.00000000000000004E+036
 1.00000000000000004E+036
 1.00000000000000004E+036
 1.00000000000000004E+036
 1.00000000000000004E+036
 1.00000000000000004E+036
 1.00000000000000004E+036
 1.00000000000000004E+036
 1.00000000000000004E+036
 1.00000000000000004E+036
 1.00000000000000004E+036
 1.00000000000000004E+036
 1.00000000000000004E+036
 1.00000000000000004E+036
 1.00000000000000004E+036
 1.00000000000000004E+036
# INPUT: mlcanopy_inst__lwdwn_profile(1,101)
 4.44163108296770588E+002
 0.00000000000000000E+000
 4.43919544955668243E+002
 4.43456694157985112E+002
 4.42766083649576103E+002
 4.41826079132972154E+002
 4.40611147783429260E+002
 4.39096221575979143E+002
 4.37203892123536207E+002
 4.34887217488612805E+002
 4.32046886274947610E+002
 4.28567890565343987E+002
 4.24298036497351859E+002
 4.19043221540319792E+002
 4.12603606626016699E+002
 4.04707113302887592E+002
 3.95065140598529979E+002
 3.83430783079402318E+002
 3.69679165163877769E+002
 3.54316386954094924E+002
 3.41120806376136898E+002
 0.00000000000000000E+000
 0.00000000000000000E+000
 0.00000000000000000E+000
 0.00000000000000000E+000
 0.00000000000000000E+000
 0.00000000000000000E+000
 0.00000000000000000E+000
 0.00000000000000000E+000
 0.00000000000000000E+000
 0.00000000000000000E+000
 0.00000000000000000E+000
 0.00000000000000000E+000
 0.00000000000000000E+000
 0.00000000000000000E+000
 0.00000000000000000E+000
 0.00000000000000000E+000
 0.00000000000000000E+000
 0.00000000000000000E+000
 0.00000000000000000E+000
 0.00000000000000000E+000
 0.00000000000000000E+000
 0.00000000000000000E+000
 0.00000000000000000E+000
 0.00000000000000000E+000
 0.00000000000000000E+000
 0.00000000000000000E+000
 1.00000000000000004E+036
 1.00000000000000004E+036
 1.00000000000000004E+036
 1.00000000000000004E+036
 1.00000000000000004E+036
 1.00000000000000004E+036
 1.00000000000000004E+036
 1.00000000000000004E+036
 1.00000000000000004E+036
 1.00000000000000004E+036
 1.00000000000000004E+036
 1.00000000000000004E+036
 1.00000000000000004E+036
 1.00000000000000004E+036
 1.00000000000000004E+036
 1.00000000000000004E+036
 1.00000000000000004E+036
 1.00000000000000004E+036
 1.00000000000000004E+036
 1.00000000000000004E+036
 1.00000000000000004E+036
 1.00000000000000004E+036
 1.00000000000000004E+036
 1.00000000000000004E+036
 1.00000000000000004E+036
 1.00000000000000004E+036
 1.00000000000000004E+036
 1.00000000000000004E+036
 1.00000000000000004E+036
 1.00000000000000004E+036
 1.00000000000000004E+036
 1.00000000000000004E+036
 1.00000000000000004E+036
 1.00000000000000004E+036
 1.00000000000000004E+036
 1.00000000000000004E+036
 1.00000000000000004E+036
 1.00000000000000004E+036
 1.00000000000000004E+036
 1.00000000000000004E+036
 1.00000000000000004E+036
 1.00000000000000004E+036
 1.00000000000000004E+036
 1.00000000000000004E+036
 1.00000000000000004E+036
 1.00000000000000004E+036
 1.00000000000000004E+036
 1.00000000000000004E+036
 1.00000000000000004E+036
 1.00000000000000004E+036
 1.00000000000000004E+036
 1.00000000000000004E+036
 1.00000000000000004E+036
 1.00000000000000004E+036
# INPUT: mlcanopy_inst__lwleaf_leaf(1,100,2)
 0.00000000000000000E+000
-1.41302093707466057E+001
-1.36751644364398324E+001
-1.26486821198778863E+001
-1.19566507076695352E+001
-1.15165523684967415E+001
-1.11845896596994940E+001
-1.18035056891463643E+001
-1.24469801378650651E+001
-1.37415455729115443E+001
-1.55590518713446322E+001
-1.80450131267969702E+001
-2.13398768966450696E+001
-2.52571505875495816E+001
-3.03745803422185539E+001
-3.68963669584798311E+001
-4.50862670917463788E+001
-5.58365900882888084E+001
-6.94450884286614212E+001
-8.32833041898008872E+001
 0.00000000000000000E+000
 0.00000000000000000E+000
 0.00000000000000000E+000
 0.00000000000000000E+000
 0.00000000000000000E+000
 0.00000000000000000E+000
 0.00000000000000000E+000
 0.00000000000000000E+000
 0.00000000000000000E+000
 0.00000000000000000E+000
 0.00000000000000000E+000
 0.00000000000000000E+000
 0.00000000000000000E+000
 0.00000000000000000E+000
 0.00000000000000000E+000
 0.00000000000000000E+000
 0.00000000000000000E+000
 0.00000000000000000E+000
 0.00000000000000000E+000
 0.00000000000000000E+000
 0.00000000000000000E+000
 0.00000000000000000E+000
 0.00000000000000000E+000
 0.00000000000000000E+000
 0.00000000000000000E+000
 0.00000000000000000E+000
 1.00000000000000004E+036
 1.00000000000000004E+036
 1.00000000000000004E+036
 1.00000000000000004E+036
 1.00000000000000004E+036
 1.00000000000000004E+036
 1.00000000000000004E+036
 1.00000000000000004E+036
 1.00000000000000004E+036
 1.00000000000000004E+036
 1.00000000000000004E+036
 1.00000000000000004E+036
 1.00000000000000004E+036
 1.00000000000000004E+036
 1.00000000000000004E+036
 1.00000000000000004E+036
 1.00000000000000004E+036
 1.00000000000000004E+036
 1.00000000000000004E+036
 1.00000000000000004E+036
 1.00000000000000004E+036
 1.00000000000000004E+036
 1.00000000000000004E+036
 1.00000000000000004E+036
 1.00000000000000004E+036
 1.00000000000000004E+036
 1.00000000000000004E+036
 1.00000000000000004E+036
 1.00000000000000004E+036
 1.00000000000000004E+036
 1.00000000000000004E+036
 1.00000000000000004E+036
 1.00000000000000004E+036
 1.00000000000000004E+036
 1.00000000000000004E+036
 1.00000000000000004E+036
 1.00000000000000004E+036
 1.00000000000000004E+036
 1.00000000000000004E+036
 1.00000000000000004E+036
 1.00000000000000004E+036
 1.00000000000000004E+036
 1.00000000000000004E+036
 1.00000000000000004E+036
 1.00000000000000004E+036
 1.00000000000000004E+036
 1.00000000000000004E+036
 1.00000000000000004E+036
 1.00000000000000004E+036
 1.00000000000000004E+036
 1.00000000000000004E+036
 1.00000000000000004E+036
 1.00000000000000004E+036
 1.00000000000000004E+036
 0.00000000000000000E+000
-1.41302093707466057E+001
-1.36751644364398324E+001
-1.26486821198778863E+001
-1.19566507076695352E+001
-1.15165523684967415E+001
-1.11845896596994940E+001
-1.18035056891463643E+001
-1.24469801378650651E+001
-1.37415455729115443E+001
-1.55590518713446322E+001
-1.80450131267969702E+001
-2.13398768966450696E+001
-2.52571505875495816E+001
-3.03745803422185539E+001
-3.68963669584798311E+001
-4.50862670917463788E+001
-5.58365900882888084E+001
-6.94450884286614212E+001
-8.32833041898008872E+001
 0.00000000000000000E+000
 0.00000000000000000E+000
 0.00000000000000000E+000
 0.00000000000000000E+000
 0.00000000000000000E+000
 0.00000000000000000E+000
 0.00000000000000000E+000
 0.00000000000000000E+000
 0.00000000000000000E+000
 0.00000000000000000E+000
 0.00000000000000000E+000
 0.00000000000000000E+000
 0.00000000000000000E+000
 0.00000000000000000E+000
 0.00000000000000000E+000
 0.00000000000000000E+000
 0.00000000000000000E+000
 0.00000000000000000E+000
 0.00000000000000000E+000
 0.00000000000000000E+000
 0.00000000000000000E+000
 0.00000000000000000E+000
 0.00000000000000000E+000
 0.00000000000000000E+000
 0.00000000000000000E+000
 0.00000000000000000E+000
 1.00000000000000004E+036
 1.00000000000000004E+036
 1.00000000000000004E+036
 1.00000000000000004E+036
 1.00000000000000004E+036
 1.00000000000000004E+036
 1.00000000000000004E+036
 1.00000000000000004E+036
 1.00000000000000004E+036
 1.00000000000000004E+036
 1.00000000000000004E+036
 1.00000000000000004E+036
 1.00000000000000004E+036
 1.00000000000000004E+036
 1.00000000000000004E+036
 1.00000000000000004E+036
 1.00000000000000004E+036
 1.00000000000000004E+036
 1.00000000000000004E+036
 1.00000000000000004E+036
 1.00000000000000004E+036
 1.00000000000000004E+036
 1.00000000000000004E+036
 1.00000000000000004E+036
 1.00000000000000004E+036
 1.00000000000000004E+036
 1.00000000000000004E+036
 1.00000000000000004E+036
 1.00000000000000004E+036
 1.00000000000000004E+036
 1.00000000000000004E+036
 1.00000000000000004E+036
 1.00000000000000004E+036
 1.00000000000000004E+036
 1.00000000000000004E+036
 1.00000000000000004E+036
 1.00000000000000004E+036
 1.00000000000000004E+036
 1.00000000000000004E+036
 1.00000000000000004E+036
 1.00000000000000004E+036
 1.00000000000000004E+036
 1.00000000000000004E+036
 1.00000000000000004E+036
 1.00000000000000004E+036
 1.00000000000000004E+036
 1.00000000000000004E+036
 1.00000000000000004E+036
 1.00000000000000004E+036
 1.00000000000000004E+036
 1.00000000000000004E+036
 1.00000000000000004E+036
 1.00000000000000004E+036
 1.00000000000000004E+036
# INPUT: mlcanopy_inst__lwsky_forcing(1)
 3.41120806376136898E+002
# INPUT: mlcanopy_inst__lwsoi_soil(1)
-2.10327513162692412E+001
# INPUT: mlcanopy_inst__lwup_canopy(1)
 4.50552382740959217E+002
# INPUT: mlcanopy_inst__lwupw_profile(1,101)
 4.65195859613039829E+002
 0.00000000000000000E+000
 4.65204593072877628E+002
 4.65167936489237263E+002
 4.65055559040996513E+002
 4.64847891775359983E+002
 4.64525854807991720E+002
 4.64066022515575696E+002
 4.63489014404757370E+002
 4.62773034484632262E+002
 4.61933286701565976E+002
 4.60976681637536842E+002
 4.59916635930939037E+002
 4.58769535973811571E+002
 4.57519743983423893E+002
 4.56190762464354123E+002
 4.54806739279091005E+002
 4.53402116182892200E+002
 4.52102307187463225E+002
 4.51090605028967047E+002
 4.50552382740959217E+002
 0.00000000000000000E+000
 0.00000000000000000E+000
 0.00000000000000000E+000
 0.00000000000000000E+000
 0.00000000000000000E+000
 0.00000000000000000E+000
 0.00000000000000000E+000
 0.00000000000000000E+000
 0.00000000000000000E+000
 0.00000000000000000E+000
 0.00000000000000000E+000
 0.00000000000000000E+000
 0.00000000000000000E+000
 0.00000000000000000E+000
 0.00000000000000000E+000
 0.00000000000000000E+000
 0.00000000000000000E+000
 0.00000000000000000E+000
 0.00000000000000000E+000
 0.00000000000000000E+000
 0.00000000000000000E+000
 0.00000000000000000E+000
 0.00000000000000000E+000
 0.00000000000000000E+000
 0.00000000000000000E+000
 0.00000000000000000E+000
 1.00000000000000004E+036
 1.00000000000000004E+036
 1.00000000000000004E+036
 1.00000000000000004E+036
 1.00000000000000004E+036
 1.00000000000000004E+036
 1.00000000000000004E+036
 1.00000000000000004E+036
 1.00000000000000004E+036
 1.00000000000000004E+036
 1.00000000000000004E+036
 1.00000000000000004E+036
 1.00000000000000004E+036
 1.00000000000000004E+036
 1.00000000000000004E+036
 1.00000000000000004E+036
 1.00000000000000004E+036
 1.00000000000000004E+036
 1.00000000000000004E+036
 1.00000000000000004E+036
 1.00000000000000004E+036
 1.00000000000000004E+036
 1.00000000000000004E+036
 1.00000000000000004E+036
 1.00000000000000004E+036
 1.00000000000000004E+036
 1.00000000000000004E+036
 1.00000000000000004E+036
 1.00000000000000004E+036
 1.00000000000000004E+036
 1.00000000000000004E+036
 1.00000000000000004E+036
 1.00000000000000004E+036
 1.00000000000000004E+036
 1.00000000000000004E+036
 1.00000000000000004E+036
 1.00000000000000004E+036
 1.00000000000000004E+036
 1.00000000000000004E+036
 1.00000000000000004E+036
 1.00000000000000004E+036
 1.00000000000000004E+036
 1.00000000000000004E+036
 1.00000000000000004E+036
 1.00000000000000004E+036
 1.00000000000000004E+036
 1.00000000000000004E+036
 1.00000000000000004E+036
 1.00000000000000004E+036
 1.00000000000000004E+036
 1.00000000000000004E+036
 1.00000000000000004E+036
 1.00000000000000004E+036
 1.00000000000000004E+036
# INPUT: mlcanopy_inst__lwveg_canopy(1)
-8.83988250485465699E+001
# INPUT: mlcanopy_inst__nbot_canopy(1)
2
# INPUT: mlcanopy_inst__ncan_canopy(1)
46
# INPUT: mlcanopy_inst__ntop_canopy(1)
20
# INPUT: mlcanopy_inst__td_profile(1,100)
 0.00000000000000000E+000
 9.89179264478177500E-001
 9.77482279053172864E-001
 9.64858125781513420E-001
 9.51562909784709698E-001
 9.37828625670691585E-001
 9.23866863225882518E-001
 9.09876128797868389E-001
 8.96048812983415099E-001
 8.82578168912978245E-001
 8.69666519417642614E-001
 8.57535851831479290E-001
 8.46443286808299167E-001
 8.36705676095154338E-001
 8.28742044051170912E-001
 8.23154357177516172E-001
 8.20901673205141402E-001
 8.23748437991096205E-001
 8.35831047174802277E-001
 8.77561723503765378E-001
 0.00000000000000000E+000
 0.00000000000000000E+000
 0.00000000000000000E+000
 0.00000000000000000E+000
 0.00000000000000000E+000
 0.00000000000000000E+000
 0.00000000000000000E+000
 0.00000000000000000E+000
 0.00000000000000000E+000
 0.00000000000000000E+000
 0.00000000000000000E+000
 0.00000000000000000E+000
 0.00000000000000000E+000
 0.00000000000000000E+000
 0.00000000000000000E+000
 0.00000000000000000E+000
 0.00000000000000000E+000
 0.00000000000000000E+000
 0.00000000000000000E+000
 0.00000000000000000E+000
 0.00000000000000000E+000
 0.00000000000000000E+000
 0.00000000000000000E+000
 0.00000000000000000E+000
 0.00000000000000000E+000
 0.00000000000000000E+000
 1.00000000000000004E+036
 1.00000000000000004E+036
 1.00000000000000004E+036
 1.00000000000000004E+036
 1.00000000000000004E+036
 1.00000000000000004E+036
 1.00000000000000004E+036
 1.00000000000000004E+036
 1.00000000000000004E+036
 1.00000000000000004E+036
 1.00000000000000004E+036
 1.00000000000000004E+036
 1.00000000000000004E+036
 1.00000000000000004E+036
 1.00000000000000004E+036
 1.00000000000000004E+036
 1.00000000000000004E+036
 1.00000000000000004E+036
 1.00000000000000004E+036
 1.00000000000000004E+036
 1.00000000000000004E+036
 1.00000000000000004E+036
 1.00000000000000004E+036
 1.00000000000000004E+036
 1.00000000000000004E+036
 1.00000000000000004E+036
 1.00000000000000004E+036
 1.00000000000000004E+036
 1.00000000000000004E+036
 1.00000000000000004E+036
 1.00000000000000004E+036
 1.00000000000000004E+036
 1.00000000000000004E+036
 1.00000000000000004E+036
 1.00000000000000004E+036
 1.00000000000000004E+036
 1.00000000000000004E+036
 1.00000000000000004E+036
 1.00000000000000004E+036
 1.00000000000000004E+036
 1.00000000000000004E+036
 1.00000000000000004E+036
 1.00000000000000004E+036
 1.00000000000000004E+036
 1.00000000000000004E+036
 1.00000000000000004E+036
 1.00000000000000004E+036
 1.00000000000000004E+036
 1.00000000000000004E+036
 1.00000000000000004E+036
 1.00000000000000004E+036
 1.00000000000000004E+036
 1.00000000000000004E+036
 1.00000000000000004E+036
# INPUT: mlcanopy_inst__tg_soil(1)
 3.01085655707885564E+002
# INPUT: mlcanopy_inst__tleaf_leaf(1,100,2)
 3.00248037169608097E+002
 3.05700110540969831E+002
 3.04294115941317955E+002
 3.03298097971114260E+002
 3.02534036505795939E+002
 3.01928863281115468E+002
 3.01415803546254665E+002
 3.00958836414522295E+002
 3.00556256016166685E+002
 3.00191403035419398E+002
 2.99862421272712140E+002
 2.99594543869425934E+002
 2.99344836955160304E+002
 2.99012048712886781E+002
 2.98711194298880173E+002
 2.98446878827305056E+002
 2.98221919768097450E+002
 2.98107954845235213E+002
 2.98122605068809889E+002
 2.98190804842874741E+002
 3.00077388341414462E+002
 3.00167507682822361E+002
 3.00249689610363191E+002
 3.00326912344515335E+002
 3.00400454559551974E+002
 3.00471117208163150E+002
 3.00539625603959394E+002
 3.00606249751091354E+002
 3.00671263353942891E+002
 3.00734924786649287E+002
 3.00797343249945357E+002
 3.00858644386207402E+002
 3.00918944193549635E+002
 3.00978293982420155E+002
 3.01036775345341823E+002
 3.01094440818974249E+002
 3.01151329477198487E+002
 3.01207496246266373E+002
 3.01262968601860734E+002
 3.01317780128923459E+002
 3.01371967276211876E+002
 3.01425550300666259E+002
 3.01478559533354598E+002
 3.01531015846483001E+002
 3.01582943179283632E+002
 3.01634363221564570E+002
 1.00000000000000004E+036
 1.00000000000000004E+036
 1.00000000000000004E+036
 1.00000000000000004E+036
 1.00000000000000004E+036
 1.00000000000000004E+036
 1.00000000000000004E+036
 1.00000000000000004E+036
 1.00000000000000004E+036
 1.00000000000000004E+036
 1.00000000000000004E+036
 1.00000000000000004E+036
 1.00000000000000004E+036
 1.00000000000000004E+036
 1.00000000000000004E+036
 1.00000000000000004E+036
 1.00000000000000004E+036
 1.00000000000000004E+036
 1.00000000000000004E+036
 1.00000000000000004E+036
 1.00000000000000004E+036
 1.00000000000000004E+036
 1.00000000000000004E+036
 1.00000000000000004E+036
 1.00000000000000004E+036
 1.00000000000000004E+036
 1.00000000000000004E+036
 1.00000000000000004E+036
 1.00000000000000004E+036
 1.00000000000000004E+036
 1.00000000000000004E+036
 1.00000000000000004E+036
 1.00000000000000004E+036
 1.00000000000000004E+036
 1.00000000000000004E+036
 1.00000000000000004E+036
 1.00000000000000004E+036
 1.00000000000000004E+036
 1.00000000000000004E+036
 1.00000000000000004E+036
 1.00000000000000004E+036
 1.00000000000000004E+036
 1.00000000000000004E+036
 1.00000000000000004E+036
 1.00000000000000004E+036
 1.00000000000000004E+036
 1.00000000000000004E+036
 1.00000000000000004E+036
 1.00000000000000004E+036
 1.00000000000000004E+036
 1.00000000000000004E+036
 1.00000000000000004E+036
 1.00000000000000004E+036
 1.00000000000000004E+036
 3.00248037169608097E+002
 3.00592548175078946E+002
 3.00298166697453780E+002
 3.00120637962904823E+002
 2.99968571210771245E+002
 2.99808302420551513E+002
 2.99665719759183503E+002
 2.99535210496243508E+002
 2.99395206495988418E+002
 2.99251253301049928E+002
 2.99097908401479231E+002
 2.98923526206348356E+002
 2.98758076416033646E+002
 2.98570413576555211E+002
 2.98380728422459072E+002
 2.98176907367368585E+002
 2.97961160159697556E+002
 2.97727884020302213E+002
 2.97492393117310826E+002
 2.97333776244680337E+002
 3.00077388341414462E+002
 3.00167507682822361E+002
 3.00249689610363191E+002
 3.00326912344515335E+002
 3.00400454559551974E+002
 3.00471117208163150E+002
 3.00539625603959394E+002
 3.00606249751091354E+002
 3.00671263353942891E+002
 3.00734924786649287E+002
 3.00797343249945357E+002
 3.00858644386207402E+002
 3.00918944193549635E+002
 3.00978293982420155E+002
 3.01036775345341823E+002
 3.01094440818974249E+002
 3.01151329477198487E+002
 3.01207496246266373E+002
 3.01262968601860734E+002
 3.01317780128923459E+002
 3.01371967276211876E+002
 3.01425550300666259E+002
 3.01478559533354598E+002
 3.01531015846483001E+002
 3.01582943179283632E+002
 3.01634363221564570E+002
 1.00000000000000004E+036
 1.00000000000000004E+036
 1.00000000000000004E+036
 1.00000000000000004E+036
 1.00000000000000004E+036
 1.00000000000000004E+036
 1.00000000000000004E+036
 1.00000000000000004E+036
 1.00000000000000004E+036
 1.00000000000000004E+036
 1.00000000000000004E+036
 1.00000000000000004E+036
 1.00000000000000004E+036
 1.00000000000000004E+036
 1.00000000000000004E+036
 1.00000000000000004E+036
 1.00000000000000004E+036
 1.00000000000000004E+036
 1.00000000000000004E+036
 1.00000000000000004E+036
 1.00000000000000004E+036
 1.00000000000000004E+036
 1.00000000000000004E+036
 1.00000000000000004E+036
 1.00000000000000004E+036
 1.00000000000000004E+036
 1.00000000000000004E+036
 1.00000000000000004E+036
 1.00000000000000004E+036
 1.00000000000000004E+036
 1.00000000000000004E+036
 1.00000000000000004E+036
 1.00000000000000004E+036
 1.00000000000000004E+036
 1.00000000000000004E+036
 1.00000000000000004E+036
 1.00000000000000004E+036
 1.00000000000000004E+036
 1.00000000000000004E+036
 1.00000000000000004E+036
 1.00000000000000004E+036
 1.00000000000000004E+036
 1.00000000000000004E+036
 1.00000000000000004E+036
 1.00000000000000004E+036
 1.00000000000000004E+036
 1.00000000000000004E+036
 1.00000000000000004E+036
 1.00000000000000004E+036
 1.00000000000000004E+036
 1.00000000000000004E+036
 1.00000000000000004E+036
 1.00000000000000004E+036
 1.00000000000000004E+036
# INPUT: mlpftcon__emleaf(79)
-9.99000000000000000E+002
 9.79999999999999982E-001
 9.79999999999999982E-001
 9.79999999999999982E-001
 9.79999999999999982E-001
 9.79999999999999982E-001
 9.79999999999999982E-001
 9.79999999999999982E-001
 9.79999999999999982E-001
 9.79999999999999982E-001
 9.79999999999999982E-001
 9.79999999999999982E-001
 9.79999999999999982E-001
 9.79999999999999982E-001
 9.79999999999999982E-001
 9.79999999999999982E-001
 9.79999999999999982E-001
-9.99000000000000000E+002
-9.99000000000000000E+002
-9.99000000000000000E+002
-9.99000000000000000E+002
-9.99000000000000000E+002
-9.99000000000000000E+002
-9.99000000000000000E+002
-9.99000000000000000E+002
-9.99000000000000000E+002
-9.99000000000000000E+002
-9.99000000000000000E+002
-9.99000000000000000E+002
-9.99000000000000000E+002
-9.99000000000000000E+002
-9.99000000000000000E+002
-9.99000000000000000E+002
-9.99000000000000000E+002
-9.99000000000000000E+002
-9.99000000000000000E+002
-9.99000000000000000E+002
-9.99000000000000000E+002
-9.99000000000000000E+002
-9.99000000000000000E+002
-9.99000000000000000E+002
-9.99000000000000000E+002
-9.99000000000000000E+002
-9.99000000000000000E+002
-9.99000000000000000E+002
-9.99000000000000000E+002
-9.99000000000000000E+002
-9.99000000000000000E+002
-9.99000000000000000E+002
-9.99000000000000000E+002
-9.99000000000000000E+002
-9.99000000000000000E+002
-9.99000000000000000E+002
-9.99000000000000000E+002
-9.99000000000000000E+002
-9.99000000000000000E+002
-9.99000000000000000E+002
-9.99000000000000000E+002
-9.99000000000000000E+002
-9.99000000000000000E+002
-9.99000000000000000E+002
-9.99000000000000000E+002
-9.99000000000000000E+002
-9.99000000000000000E+002
-9.99000000000000000E+002
-9.99000000000000000E+002
-9.99000000000000000E+002
-9.99000000000000000E+002
-9.99000000000000000E+002
-9.99000000000000000E+002
-9.99000000000000000E+002
-9.99000000000000000E+002
-9.99000000000000000E+002
-9.99000000000000000E+002
-9.99000000000000000E+002
-9.99000000000000000E+002
-9.99000000000000000E+002
-9.99000000000000000E+002
-9.99000000000000000E+002
# INPUT: patch__itype(1)
7
# INPUT: clm_varcon__sb
 5.66999999999999982E-008
# INPUT: mlclm_varcon__emg
 9.59999999999999964E-001
# INPUT: mlclm_varctl__longwave_type
1
# OUTPUT: mlcanopy_inst__lwdwn_profile(1,101)
 4.43722974783033351E+002
 0.00000000000000000E+000
 4.43480200296797193E+002
 4.43018383225298749E+002
 4.42325917796781141E+002
 4.41384889680348351E+002
 4.40174321591161060E+002
 4.38653789474010409E+002
 4.36767697714461974E+002
 4.34450633660511812E+002
 4.31613114211755601E+002
 4.28140736753473902E+002
 4.23887570351176691E+002
 4.18649300555178343E+002
 4.12231536910931027E+002
 4.04363535933534877E+002
 3.94759071439664694E+002
 3.83166194941059075E+002
 3.69477713118387328E+002
 3.54208801879838575E+002
 3.41120806376136898E+002
 0.00000000000000000E+000
 0.00000000000000000E+000
 0.00000000000000000E+000
 0.00000000000000000E+000
 0.00000000000000000E+000
 0.00000000000000000E+000
 0.00000000000000000E+000
 0.00000000000000000E+000
 0.00000000000000000E+000
 0.00000000000000000E+000
 0.00000000000000000E+000
 0.00000000000000000E+000
 0.00000000000000000E+000
 0.00000000000000000E+000
 0.00000000000000000E+000
 0.00000000000000000E+000
 0.00000000000000000E+000
 0.00000000000000000E+000
 0.00000000000000000E+000
 0.00000000000000000E+000
 0.00000000000000000E+000
 0.00000000000000000E+000
 0.00000000000000000E+000
 0.00000000000000000E+000
 0.00000000000000000E+000
 0.00000000000000000E+000
 1.00000000000000004E+036
 1.00000000000000004E+036
 1.00000000000000004E+036
 1.00000000000000004E+036
 1.00000000000000004E+036
 1.00000000000000004E+036
 1.00000000000000004E+036
 1.00000000000000004E+036
 1.00000000000000004E+036
 1.00000000000000004E+036
 1.00000000000000004E+036
 1.00000000000000004E+036
 1.00000000000000004E+036
 1.00000000000000004E+036
 1.00000000000000004E+036
 1.00000000000000004E+036
 1.00000000000000004E+036
 1.00000000000000004E+036
 1.00000000000000004E+036
 1.00000000000000004E+036
 1.00000000000000004E+036
 1.00000000000000004E+036
 1.00000000000000004E+036
 1.00000000000000004E+036
 1.00000000000000004E+036
 1.00000000000000004E+036
 1.00000000000000004E+036
 1.00000000000000004E+036
 1.00000000000000004E+036
 1.00000000000000004E+036
 1.00000000000000004E+036
 1.00000000000000004E+036
 1.00000000000000004E+036
 1.00000000000000004E+036
 1.00000000000000004E+036
 1.00000000000000004E+036
 1.00000000000000004E+036
 1.00000000000000004E+036
 1.00000000000000004E+036
 1.00000000000000004E+036
 1.00000000000000004E+036
 1.00000000000000004E+036
 1.00000000000000004E+036
 1.00000000000000004E+036
 1.00000000000000004E+036
 1.00000000000000004E+036
 1.00000000000000004E+036
 1.00000000000000004E+036
 1.00000000000000004E+036
 1.00000000000000004E+036
 1.00000000000000004E+036
 1.00000000000000004E+036
 1.00000000000000004E+036
 1.00000000000000004E+036
# OUTPUT: mlcanopy_inst__lwleaf_leaf(1,100,2)
 0.00000000000000000E+000
-1.38511308442671961E+001
-1.33853033634333851E+001
-1.24968362647830737E+001
-1.17566487823058985E+001
-1.11817302477334160E+001
-1.10929043614404605E+001
-1.14974769016328295E+001
-1.22817174434677536E+001
-1.35520948767138290E+001
-1.53528048409474156E+001
-1.77687946774167322E+001
-2.11195965968697976E+001
-2.50349470752931467E+001
-3.01437942788695352E+001
-3.66413652046427245E+001
-4.48498630076348306E+001
-5.54604605616756814E+001
-6.88205895851781122E+001
-8.22727967868333536E+001
 0.00000000000000000E+000
 0.00000000000000000E+000
 0.00000000000000000E+000
 0.00000000000000000E+000
 0.00000000000000000E+000
 0.00000000000000000E+000
 0.00000000000000000E+000
 0.00000000000000000E+000
 0.00000000000000000E+000
 0.00000000000000000E+000
 0.00000000000000000E+000
 0.00000000000000000E+000
 0.00000000000000000E+000
 0.00000000000000000E+000
 0.00000000000000000E+000
 0.00000000000000000E+000
 0.00000000000000000E+000
 0.00000000000000000E+000
 0.00000000000000000E+000
 0.00000000000000000E+000
 0.00000000000000000E+000
 0.00000000000000000E+000
 0.00000000000000000E+000
 0.00000000000000000E+000
 0.00000000000000000E+000
 0.00000000000000000E+000
 1.00000000000000004E+036
 1.00000000000000004E+036
 1.00000000000000004E+036
 1.00000000000000004E+036
 1.00000000000000004E+036
 1.00000000000000004E+036
 1.00000000000000004E+036
 1.00000000000000004E+036
 1.00000000000000004E+036
 1.00000000000000004E+036
 1.00000000000000004E+036
 1.00000000000000004E+036
 1.00000000000000004E+036
 1.00000000000000004E+036
 1.00000000000000004E+036
 1.00000000000000004E+036
 1.00000000000000004E+036
 1.00000000000000004E+036
 1.00000000000000004E+036
 1.00000000000000004E+036
 1.00000000000000004E+036
 1.00000000000000004E+036
 1.00000000000000004E+036
 1.00000000000000004E+036
 1.00000000000000004E+036
 1.00000000000000004E+036
 1.00000000000000004E+036
 1.00000000000000004E+036
 1.00000000000000004E+036
 1.00000000000000004E+036
 1.00000000000000004E+036
 1.00000000000000004E+036
 1.00000000000000004E+036
 1.00000000000000004E+036
 1.00000000000000004E+036
 1.00000000000000004E+036
 1.00000000000000004E+036
 1.00000000000000004E+036
 1.00000000000000004E+036
 1.00000000000000004E+036
 1.00000000000000004E+036
 1.00000000000000004E+036
 1.00000000000000004E+036
 1.00000000000000004E+036
 1.00000000000000004E+036
 1.00000000000000004E+036
 1.00000000000000004E+036
 1.00000000000000004E+036
 1.00000000000000004E+036
 1.00000000000000004E+036
 1.00000000000000004E+036
 1.00000000000000004E+036
 1.00000000000000004E+036
 1.00000000000000004E+036
 0.00000000000000000E+000
-1.38511308442671961E+001
-1.33853033634333851E+001
-1.24968362647830737E+001
-1.17566487823058985E+001
-1.11817302477334160E+001
-1.10929043614404605E+001
-1.14974769016328295E+001
-1.22817174434677536E+001
-1.35520948767138290E+001
-1.53528048409474156E+001
-1.77687946774167322E+001
-2.11195965968697976E+001
-2.50349470752931467E+001
-3.01437942788695352E+001
-3.66413652046427245E+001
-4.48498630076348306E+001
-5.54604605616756814E+001
-6.88205895851781122E+001
-8.22727967868333536E+001
 0.00000000000000000E+000
 0.00000000000000000E+000
 0.00000000000000000E+000
 0.00000000000000000E+000
 0.00000000000000000E+000
 0.00000000000000000E+000
 0.00000000000000000E+000
 0.00000000000000000E+000
 0.00000000000000000E+000
 0.00000000000000000E+000
 0.00000000000000000E+000
 0.00000000000000000E+000
 0.00000000000000000E+000
 0.00000000000000000E+000
 0.00000000000000000E+000
 0.00000000000000000E+000
 0.00000000000000000E+000
 0.00000000000000000E+000
 0.00000000000000000E+000
 0.00000000000000000E+000
 0.00000000000000000E+000
 0.00000000000000000E+000
 0.00000000000000000E+000
 0.00000000000000000E+000
 0.00000000000000000E+000
 0.00000000000000000E+000
 1.00000000000000004E+036
 1.00000000000000004E+036
 1.00000000000000004E+036
 1.00000000000000004E+036
 1.00000000000000004E+036
 1.00000000000000004E+036
 1.00000000000000004E+036
 1.00000000000000004E+036
 1.00000000000000004E+036
 1.00000000000000004E+036
 1.00000000000000004E+036
 1.00000000000000004E+036
 1.00000000000000004E+036
 1.00000000000000004E+036
 1.00000000000000004E+036
 1.00000000000000004E+036
 1.00000000000000004E+036
 1.00000000000000004E+036
 1.00000000000000004E+036
 1.00000000000000004E+036
 1.00000000000000004E+036
 1.00000000000000004E+036
 1.00000000000000004E+036
 1.00000000000000004E+036
 1.00000000000000004E+036
 1.00000000000000004E+036
 1.00000000000000004E+036
 1.00000000000000004E+036
 1.00000000000000004E+036
 1.00000000000000004E+036
 1.00000000000000004E+036
 1.00000000000000004E+036
 1.00000000000000004E+036
 1.00000000000000004E+036
 1.00000000000000004E+036
 1.00000000000000004E+036
 1.00000000000000004E+036
 1.00000000000000004E+036
 1.00000000000000004E+036
 1.00000000000000004E+036
 1.00000000000000004E+036
 1.00000000000000004E+036
 1.00000000000000004E+036
 1.00000000000000004E+036
 1.00000000000000004E+036
 1.00000000000000004E+036
 1.00000000000000004E+036
 1.00000000000000004E+036
 1.00000000000000004E+036
 1.00000000000000004E+036
 1.00000000000000004E+036
 1.00000000000000004E+036
 1.00000000000000004E+036
 1.00000000000000004E+036
# OUTPUT: mlcanopy_inst__lwsoi_soil(1)
-2.13420686468111285E+001
# OUTPUT: mlcanopy_inst__lwup_canopy(1)
 4.50013196098860703E+002
# OUTPUT: mlcanopy_inst__lwupw_profile(1,101)
 4.65065043429844479E+002
 0.00000000000000000E+000
 4.65069582759680998E+002
 4.65024926218369387E+002
 4.64903752234074602E+002
 4.64682811377886821E+002
 4.64339178444441643E+002
 4.63865091145378585E+002
 4.63260218469535005E+002
 4.62522596174361638E+002
 4.61658078693718210E+002
 4.60674655680364538E+002
 4.59582164492137338E+002
 4.58409207919502023E+002
 4.57135608965567940E+002
 4.55785219837138357E+002
 4.54381631719829102E+002
 4.52964851338009794E+002
 4.51644299871446322E+002
 4.50597409763243604E+002
 4.50013196098860703E+002
 0.00000000000000000E+000
 0.00000000000000000E+000
 0.00000000000000000E+000
 0.00000000000000000E+000
 0.00000000000000000E+000
 0.00000000000000000E+000
 0.00000000000000000E+000
 0.00000000000000000E+000
 0.00000000000000000E+000
 0.00000000000000000E+000
 0.00000000000000000E+000
 0.00000000000000000E+000
 0.00000000000000000E+000
 0.00000000000000000E+000
 0.00000000000000000E+000
 0.00000000000000000E+000
 0.00000000000000000E+000
 0.00000000000000000E+000
 0.00000000000000000E+000
 0.00000000000000000E+000
 0.00000000000000000E+000
 0.00000000000000000E+000
 0.00000000000000000E+000
 0.00000000000000000E+000
 0.00000000000000000E+000
 0.00000000000000000E+000
 1.00000000000000004E+036
 1.00000000000000004E+036
 1.00000000000000004E+036
 1.00000000000000004E+036
 1.00000000000000004E+036
 1.00000000000000004E+036
 1.00000000000000004E+036
 1.00000000000000004E+036
 1.00000000000000004E+036
 1.00000000000000004E+036
 1.00000000000000004E+036
 1.00000000000000004E+036
 1.00000000000000004E+036
 1.00000000000000004E+036
 1.00000000000000004E+036
 1.00000000000000004E+036
 1.00000000000000004E+036
 1.00000000000000004E+036
 1.00000000000000004E+036
 1.00000000000000004E+036
 1.00000000000000004E+036
 1.00000000000000004E+036
 1.00000000000000004E+036
 1.00000000000000004E+036
 1.00000000000000004E+036
 1.00000000000000004E+036
 1.00000000000000004E+036
 1.00000000000000004E+036
 1.00000000000000004E+036
 1.00000000000000004E+036
 1.00000000000000004E+036
 1.00000000000000004E+036
 1.00000000000000004E+036
 1.00000000000000004E+036
 1.00000000000000004E+036
 1.00000000000000004E+036
 1.00000000000000004E+036
 1.00000000000000004E+036
 1.00000000000000004E+036
 1.00000000000000004E+036
 1.00000000000000004E+036
 1.00000000000000004E+036
 1.00000000000000004E+036
 1.00000000000000004E+036
 1.00000000000000004E+036
 1.00000000000000004E+036
 1.00000000000000004E+036
 1.00000000000000004E+036
 1.00000000000000004E+036
 1.00000000000000004E+036
 1.00000000000000004E+036
 1.00000000000000004E+036
 1.00000000000000004E+036
 1.00000000000000004E+036
# OUTPUT: mlcanopy_inst__lwveg_canopy(1)
-8.75503210759166706E+001
