# PROBE mlplanthydraulicsmod.leafwaterpotential_flat: call=17
# num_filter = 1
# il = 1
# np_ = 1
# INPUT: filter(1)
1
# INPUT: mlcanopy_inst__dpai_profile(1,100)
 0.00000000000000000E+000
 1.78551353570273429E-002
 3.11655641162021727E-002
 4.57148859213814471E-002
 6.12493639624123037E-002
 7.75313959945820030E-002
 9.43346110262384407E-002
 1.11434803884834954E-001
 1.28601049978836285E-001
 1.45586493163041897E-001
 1.62117246374047785E-001
 1.77877862367811335E-001
 1.92490098223176753E-001
 2.05479351517816183E-001
 2.16217367616885509E-001
 2.23814705886579951E-001
 2.26892468212283621E-001
 2.23004465358848158E-001
 2.06653578762819423E-001
 1.51979540354245490E-001
 0.00000000000000000E+000
 0.00000000000000000E+000
 0.00000000000000000E+000
 0.00000000000000000E+000
 0.00000000000000000E+000
 0.00000000000000000E+000
 0.00000000000000000E+000
 0.00000000000000000E+000
 0.00000000000000000E+000
 0.00000000000000000E+000
 0.00000000000000000E+000
 0.00000000000000000E+000
 0.00000000000000000E+000
 0.00000000000000000E+000
 0.00000000000000000E+000
 0.00000000000000000E+000
 0.00000000000000000E+000
 0.00000000000000000E+000
 0.00000000000000000E+000
 0.00000000000000000E+000
 0.00000000000000000E+000
 0.00000000000000000E+000
 0.00000000000000000E+000
 0.00000000000000000E+000
 0.00000000000000000E+000
 0.00000000000000000E+000
 1.00000000000000004E+036
 1.00000000000000004E+036
 1.00000000000000004E+036
 1.00000000000000004E+036
 1.00000000000000004E+036
 1.00000000000000004E+036
 1.00000000000000004E+036
 1.00000000000000004E+036
 1.00000000000000004E+036
 1.00000000000000004E+036
 1.00000000000000004E+036
 1.00000000000000004E+036
 1.00000000000000004E+036
 1.00000000000000004E+036
 1.00000000000000004E+036
 1.00000000000000004E+036
 1.00000000000000004E+036
 1.00000000000000004E+036
 1.00000000000000004E+036
 1.00000000000000004E+036
 1.00000000000000004E+036
 1.00000000000000004E+036
 1.00000000000000004E+036
 1.00000000000000004E+036
 1.00000000000000004E+036
 1.00000000000000004E+036
 1.00000000000000004E+036
 1.00000000000000004E+036
 1.00000000000000004E+036
 1.00000000000000004E+036
 1.00000000000000004E+036
 1.00000000000000004E+036
 1.00000000000000004E+036
 1.00000000000000004E+036
 1.00000000000000004E+036
 1.00000000000000004E+036
 1.00000000000000004E+036
 1.00000000000000004E+036
 1.00000000000000004E+036
 1.00000000000000004E+036
 1.00000000000000004E+036
 1.00000000000000004E+036
 1.00000000000000004E+036
 1.00000000000000004E+036
 1.00000000000000004E+036
 1.00000000000000004E+036
 1.00000000000000004E+036
 1.00000000000000004E+036
 1.00000000000000004E+036
 1.00000000000000004E+036
 1.00000000000000004E+036
 1.00000000000000004E+036
 1.00000000000000004E+036
 1.00000000000000004E+036
# INPUT: mlcanopy_inst__lsc_profile(1,100)
 0.00000000000000000E+000
 4.98426980019007182E+000
 4.98426980019007182E+000
 4.98426980019007182E+000
 4.98426980019007182E+000
 4.98426980019007182E+000
 4.98426980019007182E+000
 4.98426980019007182E+000
 4.98426980019007182E+000
 4.98426980019007182E+000
 4.98426980019007182E+000
 4.98426980019007182E+000
 4.98426980019007182E+000
 4.98426980019007182E+000
 4.98426980019007182E+000
 4.98426980019007182E+000
 4.98426980019007182E+000
 4.98426980019007182E+000
 4.98426980019007182E+000
 4.98426980019007182E+000
 0.00000000000000000E+000
 0.00000000000000000E+000
 0.00000000000000000E+000
 0.00000000000000000E+000
 0.00000000000000000E+000
 0.00000000000000000E+000
 0.00000000000000000E+000
 0.00000000000000000E+000
 0.00000000000000000E+000
 0.00000000000000000E+000
 0.00000000000000000E+000
 0.00000000000000000E+000
 0.00000000000000000E+000
 0.00000000000000000E+000
 0.00000000000000000E+000
 0.00000000000000000E+000
 0.00000000000000000E+000
 0.00000000000000000E+000
 0.00000000000000000E+000
 0.00000000000000000E+000
 0.00000000000000000E+000
 0.00000000000000000E+000
 0.00000000000000000E+000
 0.00000000000000000E+000
 0.00000000000000000E+000
 0.00000000000000000E+000
 1.00000000000000004E+036
 1.00000000000000004E+036
 1.00000000000000004E+036
 1.00000000000000004E+036
 1.00000000000000004E+036
 1.00000000000000004E+036
 1.00000000000000004E+036
 1.00000000000000004E+036
 1.00000000000000004E+036
 1.00000000000000004E+036
 1.00000000000000004E+036
 1.00000000000000004E+036
 1.00000000000000004E+036
 1.00000000000000004E+036
 1.00000000000000004E+036
 1.00000000000000004E+036
 1.00000000000000004E+036
 1.00000000000000004E+036
 1.00000000000000004E+036
 1.00000000000000004E+036
 1.00000000000000004E+036
 1.00000000000000004E+036
 1.00000000000000004E+036
 1.00000000000000004E+036
 1.00000000000000004E+036
 1.00000000000000004E+036
 1.00000000000000004E+036
 1.00000000000000004E+036
 1.00000000000000004E+036
 1.00000000000000004E+036
 1.00000000000000004E+036
 1.00000000000000004E+036
 1.00000000000000004E+036
 1.00000000000000004E+036
 1.00000000000000004E+036
 1.00000000000000004E+036
 1.00000000000000004E+036
 1.00000000000000004E+036
 1.00000000000000004E+036
 1.00000000000000004E+036
 1.00000000000000004E+036
 1.00000000000000004E+036
 1.00000000000000004E+036
 1.00000000000000004E+036
 1.00000000000000004E+036
 1.00000000000000004E+036
 1.00000000000000004E+036
 1.00000000000000004E+036
 1.00000000000000004E+036
 1.00000000000000004E+036
 1.00000000000000004E+036
 1.00000000000000004E+036
 1.00000000000000004E+036
 1.00000000000000004E+036
# INPUT: mlcanopy_inst__lwp_bef_leaf(1,100,2)
 0.00000000000000000E+000
-3.39861831721678553E-001
-3.96763974891145677E-001
-4.36563401060592549E-001
-4.67179427748543596E-001
-4.93123787038247774E-001
-5.16723723059758888E-001
-5.37761508669129529E-001
-5.59387176070846093E-001
-5.79546067501500617E-001
-5.95711882128226233E-001
-6.21737128575132858E-001
-6.49408542858306292E-001
-6.79006403782015711E-001
-7.11546410670153340E-001
-7.46347143070743568E-001
-7.84427343711564751E-001
-8.25090883340987125E-001
-8.67766466444574447E-001
-9.09804410593995305E-001
 0.00000000000000000E+000
 0.00000000000000000E+000
 0.00000000000000000E+000
 0.00000000000000000E+000
 0.00000000000000000E+000
 0.00000000000000000E+000
 0.00000000000000000E+000
 0.00000000000000000E+000
 0.00000000000000000E+000
 0.00000000000000000E+000
 0.00000000000000000E+000
 0.00000000000000000E+000
 0.00000000000000000E+000
 0.00000000000000000E+000
 0.00000000000000000E+000
 0.00000000000000000E+000
 0.00000000000000000E+000
 0.00000000000000000E+000
 0.00000000000000000E+000
 0.00000000000000000E+000
 0.00000000000000000E+000
 0.00000000000000000E+000
 0.00000000000000000E+000
 0.00000000000000000E+000
 0.00000000000000000E+000
 0.00000000000000000E+000
 1.00000000000000004E+036
 1.00000000000000004E+036
 1.00000000000000004E+036
 1.00000000000000004E+036
 1.00000000000000004E+036
 1.00000000000000004E+036
 1.00000000000000004E+036
 1.00000000000000004E+036
 1.00000000000000004E+036
 1.00000000000000004E+036
 1.00000000000000004E+036
 1.00000000000000004E+036
 1.00000000000000004E+036
 1.00000000000000004E+036
 1.00000000000000004E+036
 1.00000000000000004E+036
 1.00000000000000004E+036
 1.00000000000000004E+036
 1.00000000000000004E+036
 1.00000000000000004E+036
 1.00000000000000004E+036
 1.00000000000000004E+036
 1.00000000000000004E+036
 1.00000000000000004E+036
 1.00000000000000004E+036
 1.00000000000000004E+036
 1.00000000000000004E+036
 1.00000000000000004E+036
 1.00000000000000004E+036
 1.00000000000000004E+036
 1.00000000000000004E+036
 1.00000000000000004E+036
 1.00000000000000004E+036
 1.00000000000000004E+036
 1.00000000000000004E+036
 1.00000000000000004E+036
 1.00000000000000004E+036
 1.00000000000000004E+036
 1.00000000000000004E+036
 1.00000000000000004E+036
 1.00000000000000004E+036
 1.00000000000000004E+036
 1.00000000000000004E+036
 1.00000000000000004E+036
 1.00000000000000004E+036
 1.00000000000000004E+036
 1.00000000000000004E+036
 1.00000000000000004E+036
 1.00000000000000004E+036
 1.00000000000000004E+036
 1.00000000000000004E+036
 1.00000000000000004E+036
 1.00000000000000004E+036
 1.00000000000000004E+036
 0.00000000000000000E+000
-1.86306478309449020E-001
-1.95800684763466321E-001
-2.02006782826824161E-001
-2.09124097277327697E-001
-2.16210378657117286E-001
-2.25377544257149648E-001
-2.32111223247463277E-001
-2.43629881700138745E-001
-2.52797691529351276E-001
-2.66900031413952132E-001
-2.83533390724565404E-001
-3.02625782748894123E-001
-3.26390258504355324E-001
-3.54575828405420235E-001
-3.88908624945767278E-001
-4.28856467527870100E-001
-4.73906993008854971E-001
-5.25357121216803225E-001
-5.72117781804988401E-001
 0.00000000000000000E+000
 0.00000000000000000E+000
 0.00000000000000000E+000
 0.00000000000000000E+000
 0.00000000000000000E+000
 0.00000000000000000E+000
 0.00000000000000000E+000
 0.00000000000000000E+000
 0.00000000000000000E+000
 0.00000000000000000E+000
 0.00000000000000000E+000
 0.00000000000000000E+000
 0.00000000000000000E+000
 0.00000000000000000E+000
 0.00000000000000000E+000
 0.00000000000000000E+000
 0.00000000000000000E+000
 0.00000000000000000E+000
 0.00000000000000000E+000
 0.00000000000000000E+000
 0.00000000000000000E+000
 0.00000000000000000E+000
 0.00000000000000000E+000
 0.00000000000000000E+000
 0.00000000000000000E+000
 0.00000000000000000E+000
 1.00000000000000004E+036
 1.00000000000000004E+036
 1.00000000000000004E+036
 1.00000000000000004E+036
 1.00000000000000004E+036
 1.00000000000000004E+036
 1.00000000000000004E+036
 1.00000000000000004E+036
 1.00000000000000004E+036
 1.00000000000000004E+036
 1.00000000000000004E+036
 1.00000000000000004E+036
 1.00000000000000004E+036
 1.00000000000000004E+036
 1.00000000000000004E+036
 1.00000000000000004E+036
 1.00000000000000004E+036
 1.00000000000000004E+036
 1.00000000000000004E+036
 1.00000000000000004E+036
 1.00000000000000004E+036
 1.00000000000000004E+036
 1.00000000000000004E+036
 1.00000000000000004E+036
 1.00000000000000004E+036
 1.00000000000000004E+036
 1.00000000000000004E+036
 1.00000000000000004E+036
 1.00000000000000004E+036
 1.00000000000000004E+036
 1.00000000000000004E+036
 1.00000000000000004E+036
 1.00000000000000004E+036
 1.00000000000000004E+036
 1.00000000000000004E+036
 1.00000000000000004E+036
 1.00000000000000004E+036
 1.00000000000000004E+036
 1.00000000000000004E+036
 1.00000000000000004E+036
 1.00000000000000004E+036
 1.00000000000000004E+036
 1.00000000000000004E+036
 1.00000000000000004E+036
 1.00000000000000004E+036
 1.00000000000000004E+036
 1.00000000000000004E+036
 1.00000000000000004E+036
 1.00000000000000004E+036
 1.00000000000000004E+036
 1.00000000000000004E+036
 1.00000000000000004E+036
 1.00000000000000004E+036
 1.00000000000000004E+036
# INPUT: mlcanopy_inst__lwp_leaf(1,100,2)
 0.00000000000000000E+000
-4.70229355247005487E-001
-5.55511004802612840E-001
-6.13460414558101741E-001
-6.58288943510004554E-001
-6.96426018927919888E-001
-7.31467448625169991E-001
-7.63098280666878903E-001
-7.95194139183702076E-001
-8.26330337140252280E-001
-8.48112743110856937E-001
-8.87782407620394509E-001
-9.29630135590608031E-001
-9.75493216447383182E-001
-1.02544531751607959E+000
-1.07999809847218176E+000
-1.13922296070191686E+000
-1.20287295218597157E+000
-1.27013972530029018E+000
-1.33617555124867327E+000
 0.00000000000000000E+000
 0.00000000000000000E+000
 0.00000000000000000E+000
 0.00000000000000000E+000
 0.00000000000000000E+000
 0.00000000000000000E+000
 0.00000000000000000E+000
 0.00000000000000000E+000
 0.00000000000000000E+000
 0.00000000000000000E+000
 0.00000000000000000E+000
 0.00000000000000000E+000
 0.00000000000000000E+000
 0.00000000000000000E+000
 0.00000000000000000E+000
 0.00000000000000000E+000
 0.00000000000000000E+000
 0.00000000000000000E+000
 0.00000000000000000E+000
 0.00000000000000000E+000
 0.00000000000000000E+000
 0.00000000000000000E+000
 0.00000000000000000E+000
 0.00000000000000000E+000
 0.00000000000000000E+000
 0.00000000000000000E+000
-1.00000000000000006E-001
-1.00000000000000006E-001
-1.00000000000000006E-001
-1.00000000000000006E-001
-1.00000000000000006E-001
-1.00000000000000006E-001
-1.00000000000000006E-001
-1.00000000000000006E-001
-1.00000000000000006E-001
-1.00000000000000006E-001
-1.00000000000000006E-001
-1.00000000000000006E-001
-1.00000000000000006E-001
-1.00000000000000006E-001
-1.00000000000000006E-001
-1.00000000000000006E-001
-1.00000000000000006E-001
-1.00000000000000006E-001
-1.00000000000000006E-001
-1.00000000000000006E-001
-1.00000000000000006E-001
-1.00000000000000006E-001
-1.00000000000000006E-001
-1.00000000000000006E-001
-1.00000000000000006E-001
-1.00000000000000006E-001
-1.00000000000000006E-001
-1.00000000000000006E-001
-1.00000000000000006E-001
-1.00000000000000006E-001
-1.00000000000000006E-001
-1.00000000000000006E-001
-1.00000000000000006E-001
-1.00000000000000006E-001
-1.00000000000000006E-001
-1.00000000000000006E-001
-1.00000000000000006E-001
-1.00000000000000006E-001
-1.00000000000000006E-001
-1.00000000000000006E-001
-1.00000000000000006E-001
-1.00000000000000006E-001
-1.00000000000000006E-001
-1.00000000000000006E-001
-1.00000000000000006E-001
-1.00000000000000006E-001
-1.00000000000000006E-001
-1.00000000000000006E-001
-1.00000000000000006E-001
-1.00000000000000006E-001
-1.00000000000000006E-001
-1.00000000000000006E-001
-1.00000000000000006E-001
-1.00000000000000006E-001
 0.00000000000000000E+000
-2.33327110139761013E-001
-2.46029112492325286E-001
-2.56806670888467869E-001
-2.67894552737896807E-001
-2.78585585466762709E-001
-2.90203909015446349E-001
-3.02512338644319478E-001
-3.17493779985049129E-001
-3.33448425508362511E-001
-3.54485011973396769E-001
-3.79295819434681269E-001
-4.07837398538778151E-001
-4.45453723620813258E-001
-4.87697584395526129E-001
-5.39326986448457668E-001
-6.01463055135861180E-001
-6.71523298626487630E-001
-7.50057077525112859E-001
-8.23710547621581690E-001
 0.00000000000000000E+000
 0.00000000000000000E+000
 0.00000000000000000E+000
 0.00000000000000000E+000
 0.00000000000000000E+000
 0.00000000000000000E+000
 0.00000000000000000E+000
 0.00000000000000000E+000
 0.00000000000000000E+000
 0.00000000000000000E+000
 0.00000000000000000E+000
 0.00000000000000000E+000
 0.00000000000000000E+000
 0.00000000000000000E+000
 0.00000000000000000E+000
 0.00000000000000000E+000
 0.00000000000000000E+000
 0.00000000000000000E+000
 0.00000000000000000E+000
 0.00000000000000000E+000
 0.00000000000000000E+000
 0.00000000000000000E+000
 0.00000000000000000E+000
 0.00000000000000000E+000
 0.00000000000000000E+000
 0.00000000000000000E+000
-1.00000000000000006E-001
-1.00000000000000006E-001
-1.00000000000000006E-001
-1.00000000000000006E-001
-1.00000000000000006E-001
-1.00000000000000006E-001
-1.00000000000000006E-001
-1.00000000000000006E-001
-1.00000000000000006E-001
-1.00000000000000006E-001
-1.00000000000000006E-001
-1.00000000000000006E-001
-1.00000000000000006E-001
-1.00000000000000006E-001
-1.00000000000000006E-001
-1.00000000000000006E-001
-1.00000000000000006E-001
-1.00000000000000006E-001
-1.00000000000000006E-001
-1.00000000000000006E-001
-1.00000000000000006E-001
-1.00000000000000006E-001
-1.00000000000000006E-001
-1.00000000000000006E-001
-1.00000000000000006E-001
-1.00000000000000006E-001
-1.00000000000000006E-001
-1.00000000000000006E-001
-1.00000000000000006E-001
-1.00000000000000006E-001
-1.00000000000000006E-001
-1.00000000000000006E-001
-1.00000000000000006E-001
-1.00000000000000006E-001
-1.00000000000000006E-001
-1.00000000000000006E-001
-1.00000000000000006E-001
-1.00000000000000006E-001
-1.00000000000000006E-001
-1.00000000000000006E-001
-1.00000000000000006E-001
-1.00000000000000006E-001
-1.00000000000000006E-001
-1.00000000000000006E-001
-1.00000000000000006E-001
-1.00000000000000006E-001
-1.00000000000000006E-001
-1.00000000000000006E-001
-1.00000000000000006E-001
-1.00000000000000006E-001
-1.00000000000000006E-001
-1.00000000000000006E-001
-1.00000000000000006E-001
-1.00000000000000006E-001
# INPUT: mlcanopy_inst__ncan_canopy(1)
46
# INPUT: mlcanopy_inst__psis_soil(1)
-2.34744390717924523E-001
# INPUT: mlcanopy_inst__trleaf_leaf(1,100,2)
 0.00000000000000000E+000
 1.92869692806692185E-003
 2.50606132372674633E-003
 2.88602437598426591E-003
 3.17502721747995459E-003
 3.41831229209334404E-003
 3.62182842008596005E-003
 3.82401101494128778E-003
 4.02581422966107917E-003
 4.22227988879950254E-003
 4.41960874657292609E-003
 4.56475433913443567E-003
 4.83679725966944078E-003
 5.13572705715557333E-003
 5.46044619778446576E-003
 5.82383866077072765E-003
 6.22051743935770479E-003
 6.65187007602133663E-003
 7.11269880929371514E-003
 7.56575679619464307E-003
 0.00000000000000000E+000
 0.00000000000000000E+000
 0.00000000000000000E+000
 0.00000000000000000E+000
 0.00000000000000000E+000
 0.00000000000000000E+000
 0.00000000000000000E+000
 0.00000000000000000E+000
 0.00000000000000000E+000
 0.00000000000000000E+000
 0.00000000000000000E+000
 0.00000000000000000E+000
 0.00000000000000000E+000
 0.00000000000000000E+000
 0.00000000000000000E+000
 0.00000000000000000E+000
 0.00000000000000000E+000
 0.00000000000000000E+000
 0.00000000000000000E+000
 0.00000000000000000E+000
 0.00000000000000000E+000
 0.00000000000000000E+000
 0.00000000000000000E+000
 0.00000000000000000E+000
 0.00000000000000000E+000
 0.00000000000000000E+000
 1.00000000000000004E+036
 1.00000000000000004E+036
 1.00000000000000004E+036
 1.00000000000000004E+036
 1.00000000000000004E+036
 1.00000000000000004E+036
 1.00000000000000004E+036
 1.00000000000000004E+036
 1.00000000000000004E+036
 1.00000000000000004E+036
 1.00000000000000004E+036
 1.00000000000000004E+036
 1.00000000000000004E+036
 1.00000000000000004E+036
 1.00000000000000004E+036
 1.00000000000000004E+036
 1.00000000000000004E+036
 1.00000000000000004E+036
 1.00000000000000004E+036
 1.00000000000000004E+036
 1.00000000000000004E+036
 1.00000000000000004E+036
 1.00000000000000004E+036
 1.00000000000000004E+036
 1.00000000000000004E+036
 1.00000000000000004E+036
 1.00000000000000004E+036
 1.00000000000000004E+036
 1.00000000000000004E+036
 1.00000000000000004E+036
 1.00000000000000004E+036
 1.00000000000000004E+036
 1.00000000000000004E+036
 1.00000000000000004E+036
 1.00000000000000004E+036
 1.00000000000000004E+036
 1.00000000000000004E+036
 1.00000000000000004E+036
 1.00000000000000004E+036
 1.00000000000000004E+036
 1.00000000000000004E+036
 1.00000000000000004E+036
 1.00000000000000004E+036
 1.00000000000000004E+036
 1.00000000000000004E+036
 1.00000000000000004E+036
 1.00000000000000004E+036
 1.00000000000000004E+036
 1.00000000000000004E+036
 1.00000000000000004E+036
 1.00000000000000004E+036
 1.00000000000000004E+036
 1.00000000000000004E+036
 1.00000000000000004E+036
 0.00000000000000000E+000
 2.41390789050841827E-004
 3.17600862526976676E-004
 3.58610032492612696E-004
 4.10468760481991115E-004
 4.60632025099772782E-004
 5.30600372040881388E-004
 6.00847063835898212E-004
 6.70672169014145106E-004
 7.65501024882608155E-004
 8.84919887910968453E-004
 1.03079799406377288E-003
 1.20223935403181311E-003
 1.44445507335968538E-003
 1.73104602306469835E-003
 2.06157232573170009E-003
 2.47311516936551653E-003
 2.95913687375761597E-003
 3.48205185811733013E-003
 3.99933320475968912E-003
 0.00000000000000000E+000
 0.00000000000000000E+000
 0.00000000000000000E+000
 0.00000000000000000E+000
 0.00000000000000000E+000
 0.00000000000000000E+000
 0.00000000000000000E+000
 0.00000000000000000E+000
 0.00000000000000000E+000
 0.00000000000000000E+000
 0.00000000000000000E+000
 0.00000000000000000E+000
 0.00000000000000000E+000
 0.00000000000000000E+000
 0.00000000000000000E+000
 0.00000000000000000E+000
 0.00000000000000000E+000
 0.00000000000000000E+000
 0.00000000000000000E+000
 0.00000000000000000E+000
 0.00000000000000000E+000
 0.00000000000000000E+000
 0.00000000000000000E+000
 0.00000000000000000E+000
 0.00000000000000000E+000
 0.00000000000000000E+000
 1.00000000000000004E+036
 1.00000000000000004E+036
 1.00000000000000004E+036
 1.00000000000000004E+036
 1.00000000000000004E+036
 1.00000000000000004E+036
 1.00000000000000004E+036
 1.00000000000000004E+036
 1.00000000000000004E+036
 1.00000000000000004E+036
 1.00000000000000004E+036
 1.00000000000000004E+036
 1.00000000000000004E+036
 1.00000000000000004E+036
 1.00000000000000004E+036
 1.00000000000000004E+036
 1.00000000000000004E+036
 1.00000000000000004E+036
 1.00000000000000004E+036
 1.00000000000000004E+036
 1.00000000000000004E+036
 1.00000000000000004E+036
 1.00000000000000004E+036
 1.00000000000000004E+036
 1.00000000000000004E+036
 1.00000000000000004E+036
 1.00000000000000004E+036
 1.00000000000000004E+036
 1.00000000000000004E+036
 1.00000000000000004E+036
 1.00000000000000004E+036
 1.00000000000000004E+036
 1.00000000000000004E+036
 1.00000000000000004E+036
 1.00000000000000004E+036
 1.00000000000000004E+036
 1.00000000000000004E+036
 1.00000000000000004E+036
 1.00000000000000004E+036
 1.00000000000000004E+036
 1.00000000000000004E+036
 1.00000000000000004E+036
 1.00000000000000004E+036
 1.00000000000000004E+036
 1.00000000000000004E+036
 1.00000000000000004E+036
 1.00000000000000004E+036
 1.00000000000000004E+036
 1.00000000000000004E+036
 1.00000000000000004E+036
 1.00000000000000004E+036
 1.00000000000000004E+036
 1.00000000000000004E+036
 1.00000000000000004E+036
# INPUT: mlcanopy_inst__zs_profile(1,100)
 2.50000000000000000E-001
 7.50000000000000000E-001
 1.25000000000000000E+000
 1.75000000000000000E+000
 2.25000000000000000E+000
 2.75000000000000000E+000
 3.25000000000000000E+000
 3.75000000000000000E+000
 4.25000000000000000E+000
 4.75000000000000000E+000
 5.25000000000000000E+000
 5.75000000000000000E+000
 6.25000000000000000E+000
 6.75000000000000000E+000
 7.25000000000000000E+000
 7.75000000000000000E+000
 8.25000000000000000E+000
 8.75000000000000000E+000
 9.25000000000000000E+000
 9.75000000000000000E+000
 1.02500000000000000E+001
 1.07500000000000000E+001
 1.12500000000000000E+001
 1.17500000000000000E+001
 1.22500000000000000E+001
 1.27500000000000000E+001
 1.32500000000000000E+001
 1.37500000000000000E+001
 1.42500000000000000E+001
 1.47500000000000000E+001
 1.52500000000000000E+001
 1.57500000000000000E+001
 1.62500000000000000E+001
 1.67500000000000000E+001
 1.72500000000000000E+001
 1.77500000000000000E+001
 1.82500000000000000E+001
 1.87500000000000000E+001
 1.92500000000000000E+001
 1.97500000000000000E+001
 2.02500000000000000E+001
 2.07500000000000000E+001
 2.12500000000000000E+001
 2.17500000000000000E+001
 2.22500000000000000E+001
 2.27500000000000000E+001
 1.00000000000000004E+036
 1.00000000000000004E+036
 1.00000000000000004E+036
 1.00000000000000004E+036
 1.00000000000000004E+036
 1.00000000000000004E+036
 1.00000000000000004E+036
 1.00000000000000004E+036
 1.00000000000000004E+036
 1.00000000000000004E+036
 1.00000000000000004E+036
 1.00000000000000004E+036
 1.00000000000000004E+036
 1.00000000000000004E+036
 1.00000000000000004E+036
 1.00000000000000004E+036
 1.00000000000000004E+036
 1.00000000000000004E+036
 1.00000000000000004E+036
 1.00000000000000004E+036
 1.00000000000000004E+036
 1.00000000000000004E+036
 1.00000000000000004E+036
 1.00000000000000004E+036
 1.00000000000000004E+036
 1.00000000000000004E+036
 1.00000000000000004E+036
 1.00000000000000004E+036
 1.00000000000000004E+036
 1.00000000000000004E+036
 1.00000000000000004E+036
 1.00000000000000004E+036
 1.00000000000000004E+036
 1.00000000000000004E+036
 1.00000000000000004E+036
 1.00000000000000004E+036
 1.00000000000000004E+036
 1.00000000000000004E+036
 1.00000000000000004E+036
 1.00000000000000004E+036
 1.00000000000000004E+036
 1.00000000000000004E+036
 1.00000000000000004E+036
 1.00000000000000004E+036
 1.00000000000000004E+036
 1.00000000000000004E+036
 1.00000000000000004E+036
 1.00000000000000004E+036
 1.00000000000000004E+036
 1.00000000000000004E+036
 1.00000000000000004E+036
 1.00000000000000004E+036
 1.00000000000000004E+036
 1.00000000000000004E+036
# INPUT: mlpftcon__capac_spa(79)
-9.99000000000000000E+002
 2.50000000000000000E+003
 2.50000000000000000E+003
 2.50000000000000000E+003
 2.50000000000000000E+003
 2.50000000000000000E+003
 2.50000000000000000E+003
 2.50000000000000000E+003
 2.50000000000000000E+003
 2.50000000000000000E+003
 2.50000000000000000E+003
 2.50000000000000000E+003
 5.00000000000000000E+002
 5.00000000000000000E+002
 5.00000000000000000E+002
 5.00000000000000000E+002
 5.00000000000000000E+002
-9.99000000000000000E+002
-9.99000000000000000E+002
-9.99000000000000000E+002
-9.99000000000000000E+002
-9.99000000000000000E+002
-9.99000000000000000E+002
-9.99000000000000000E+002
-9.99000000000000000E+002
-9.99000000000000000E+002
-9.99000000000000000E+002
-9.99000000000000000E+002
-9.99000000000000000E+002
-9.99000000000000000E+002
-9.99000000000000000E+002
-9.99000000000000000E+002
-9.99000000000000000E+002
-9.99000000000000000E+002
-9.99000000000000000E+002
-9.99000000000000000E+002
-9.99000000000000000E+002
-9.99000000000000000E+002
-9.99000000000000000E+002
-9.99000000000000000E+002
-9.99000000000000000E+002
-9.99000000000000000E+002
-9.99000000000000000E+002
-9.99000000000000000E+002
-9.99000000000000000E+002
-9.99000000000000000E+002
-9.99000000000000000E+002
-9.99000000000000000E+002
-9.99000000000000000E+002
-9.99000000000000000E+002
-9.99000000000000000E+002
-9.99000000000000000E+002
-9.99000000000000000E+002
-9.99000000000000000E+002
-9.99000000000000000E+002
-9.99000000000000000E+002
-9.99000000000000000E+002
-9.99000000000000000E+002
-9.99000000000000000E+002
-9.99000000000000000E+002
-9.99000000000000000E+002
-9.99000000000000000E+002
-9.99000000000000000E+002
-9.99000000000000000E+002
-9.99000000000000000E+002
-9.99000000000000000E+002
-9.99000000000000000E+002
-9.99000000000000000E+002
-9.99000000000000000E+002
-9.99000000000000000E+002
-9.99000000000000000E+002
-9.99000000000000000E+002
-9.99000000000000000E+002
-9.99000000000000000E+002
-9.99000000000000000E+002
-9.99000000000000000E+002
-9.99000000000000000E+002
-9.99000000000000000E+002
-9.99000000000000000E+002
# INPUT: patch__itype(1)
7
# INPUT: clm_varcon__denh2o
 1.00000000000000000E+003
# INPUT: clm_varcon__grav
 9.80664999999999942E+000
# INPUT: mlclm_varctl__dtime_ml
 3.00000000000000000E+002
# OUTPUT: mlcanopy_inst__lwp_leaf(1,100,2)
 0.00000000000000000E+000
-4.70043067123291580E-001
-5.55682198102313230E-001
-6.14089236877066513E-001
-6.59231777962701715E-001
-6.97676635841473214E-001
-7.31240706608335955E-001
-7.63275545377476883E-001
-7.95599366609352154E-001
-8.26634624943236807E-001
-8.55552255012687501E-001
-8.85178178189582665E-001
-9.27169902948747238E-001
-9.72649154322019482E-001
-1.02207528999535446E+000
-1.07623724101999740E+000
-1.13520863723223187E+000
-1.19873202805615198E+000
-1.26602385466160072E+000
-1.33226326595286393E+000
 0.00000000000000000E+000
 0.00000000000000000E+000
 0.00000000000000000E+000
 0.00000000000000000E+000
 0.00000000000000000E+000
 0.00000000000000000E+000
 0.00000000000000000E+000
 0.00000000000000000E+000
 0.00000000000000000E+000
 0.00000000000000000E+000
 0.00000000000000000E+000
 0.00000000000000000E+000
 0.00000000000000000E+000
 0.00000000000000000E+000
 0.00000000000000000E+000
 0.00000000000000000E+000
 0.00000000000000000E+000
 0.00000000000000000E+000
 0.00000000000000000E+000
 0.00000000000000000E+000
 0.00000000000000000E+000
 0.00000000000000000E+000
 0.00000000000000000E+000
 0.00000000000000000E+000
 0.00000000000000000E+000
 0.00000000000000000E+000
-1.00000000000000006E-001
-1.00000000000000006E-001
-1.00000000000000006E-001
-1.00000000000000006E-001
-1.00000000000000006E-001
-1.00000000000000006E-001
-1.00000000000000006E-001
-1.00000000000000006E-001
-1.00000000000000006E-001
-1.00000000000000006E-001
-1.00000000000000006E-001
-1.00000000000000006E-001
-1.00000000000000006E-001
-1.00000000000000006E-001
-1.00000000000000006E-001
-1.00000000000000006E-001
-1.00000000000000006E-001
-1.00000000000000006E-001
-1.00000000000000006E-001
-1.00000000000000006E-001
-1.00000000000000006E-001
-1.00000000000000006E-001
-1.00000000000000006E-001
-1.00000000000000006E-001
-1.00000000000000006E-001
-1.00000000000000006E-001
-1.00000000000000006E-001
-1.00000000000000006E-001
-1.00000000000000006E-001
-1.00000000000000006E-001
-1.00000000000000006E-001
-1.00000000000000006E-001
-1.00000000000000006E-001
-1.00000000000000006E-001
-1.00000000000000006E-001
-1.00000000000000006E-001
-1.00000000000000006E-001
-1.00000000000000006E-001
-1.00000000000000006E-001
-1.00000000000000006E-001
-1.00000000000000006E-001
-1.00000000000000006E-001
-1.00000000000000006E-001
-1.00000000000000006E-001
-1.00000000000000006E-001
-1.00000000000000006E-001
-1.00000000000000006E-001
-1.00000000000000006E-001
-1.00000000000000006E-001
-1.00000000000000006E-001
-1.00000000000000006E-001
-1.00000000000000006E-001
-1.00000000000000006E-001
-1.00000000000000006E-001
 0.00000000000000000E+000
-2.33327110139761013E-001
-2.46029112492325286E-001
-2.56806670888467869E-001
-2.67894552737896807E-001
-2.78585585466762709E-001
-2.90203909015446349E-001
-3.02512338644319478E-001
-3.17493779985049129E-001
-3.33448425508362511E-001
-3.54485011973396769E-001
-3.79295819434681269E-001
-4.07837398538778151E-001
-4.45453723620813258E-001
-4.87697584395526129E-001
-5.39326986448457668E-001
-6.01463055135861180E-001
-6.71523298626487630E-001
-7.50057077525112859E-001
-8.23710547621581690E-001
 0.00000000000000000E+000
 0.00000000000000000E+000
 0.00000000000000000E+000
 0.00000000000000000E+000
 0.00000000000000000E+000
 0.00000000000000000E+000
 0.00000000000000000E+000
 0.00000000000000000E+000
 0.00000000000000000E+000
 0.00000000000000000E+000
 0.00000000000000000E+000
 0.00000000000000000E+000
 0.00000000000000000E+000
 0.00000000000000000E+000
 0.00000000000000000E+000
 0.00000000000000000E+000
 0.00000000000000000E+000
 0.00000000000000000E+000
 0.00000000000000000E+000
 0.00000000000000000E+000
 0.00000000000000000E+000
 0.00000000000000000E+000
 0.00000000000000000E+000
 0.00000000000000000E+000
 0.00000000000000000E+000
 0.00000000000000000E+000
-1.00000000000000006E-001
-1.00000000000000006E-001
-1.00000000000000006E-001
-1.00000000000000006E-001
-1.00000000000000006E-001
-1.00000000000000006E-001
-1.00000000000000006E-001
-1.00000000000000006E-001
-1.00000000000000006E-001
-1.00000000000000006E-001
-1.00000000000000006E-001
-1.00000000000000006E-001
-1.00000000000000006E-001
-1.00000000000000006E-001
-1.00000000000000006E-001
-1.00000000000000006E-001
-1.00000000000000006E-001
-1.00000000000000006E-001
-1.00000000000000006E-001
-1.00000000000000006E-001
-1.00000000000000006E-001
-1.00000000000000006E-001
-1.00000000000000006E-001
-1.00000000000000006E-001
-1.00000000000000006E-001
-1.00000000000000006E-001
-1.00000000000000006E-001
-1.00000000000000006E-001
-1.00000000000000006E-001
-1.00000000000000006E-001
-1.00000000000000006E-001
-1.00000000000000006E-001
-1.00000000000000006E-001
-1.00000000000000006E-001
-1.00000000000000006E-001
-1.00000000000000006E-001
-1.00000000000000006E-001
-1.00000000000000006E-001
-1.00000000000000006E-001
-1.00000000000000006E-001
-1.00000000000000006E-001
-1.00000000000000006E-001
-1.00000000000000006E-001
-1.00000000000000006E-001
-1.00000000000000006E-001
-1.00000000000000006E-001
-1.00000000000000006E-001
-1.00000000000000006E-001
-1.00000000000000006E-001
-1.00000000000000006E-001
-1.00000000000000006E-001
-1.00000000000000006E-001
-1.00000000000000006E-001
-1.00000000000000006E-001
