# PROBE mlsoilfluxesmod.soilfluxes_flat: call=30
# p = 1
# np_ = 1
# INPUT: mlcanopy_inst__cpair_forcing(1)
 2.91497906308448620E+001
# INPUT: mlcanopy_inst__eair_profile(1,100)
 1.62859310078466615E+003
 1.57898834222868686E+003
 1.54402998776975119E+003
 1.51892709742581974E+003
 1.50028142769920760E+003
 1.48568112202149291E+003
 1.47342071841950883E+003
 1.46221893132514265E+003
 1.45123681690249077E+003
 1.43978221176359352E+003
 1.42739397573718975E+003
 1.41373491978650532E+003
 1.39853701473008800E+003
 1.38167943766006283E+003
 1.36305421951593803E+003
 1.34257862441138695E+003
 1.32028884504630332E+003
 1.29635423072681465E+003
 1.27118786100915463E+003
 1.24560505988459386E+003
 1.22114974935003988E+003
 1.20003341975430226E+003
 1.18081308138946338E+003
 1.16281451444855293E+003
 1.14567096626424063E+003
 1.12916397914832851E+003
 1.11315917482299574E+003
 1.09757861818876927E+003
 1.08235562317568110E+003
 1.06744174272952773E+003
 1.05279885488463628E+003
 1.03839583079874433E+003
 1.02421763117307614E+003
 1.01024437755265524E+003
 9.96461406495227948E+002
 9.82853747758537565E+002
 9.69409402402689011E+002
 9.56120954067920138E+002
 9.42979485149044308E+002
 9.29976121049892299E+002
 9.17103735286699248E+002
 9.04353595541045706E+002
 8.91721459825446914E+002
 8.79200372191511974E+002
 8.66785216185977447E+002
 8.54470089384890116E+002
 1.00000000000000004E+036
 1.00000000000000004E+036
 1.00000000000000004E+036
 1.00000000000000004E+036
 1.00000000000000004E+036
 1.00000000000000004E+036
 1.00000000000000004E+036
 1.00000000000000004E+036
 1.00000000000000004E+036
 1.00000000000000004E+036
 1.00000000000000004E+036
 1.00000000000000004E+036
 1.00000000000000004E+036
 1.00000000000000004E+036
 1.00000000000000004E+036
 1.00000000000000004E+036
 1.00000000000000004E+036
 1.00000000000000004E+036
 1.00000000000000004E+036
 1.00000000000000004E+036
 1.00000000000000004E+036
 1.00000000000000004E+036
 1.00000000000000004E+036
 1.00000000000000004E+036
 1.00000000000000004E+036
 1.00000000000000004E+036
 1.00000000000000004E+036
 1.00000000000000004E+036
 1.00000000000000004E+036
 1.00000000000000004E+036
 1.00000000000000004E+036
 1.00000000000000004E+036
 1.00000000000000004E+036
 1.00000000000000004E+036
 1.00000000000000004E+036
 1.00000000000000004E+036
 1.00000000000000004E+036
 1.00000000000000004E+036
 1.00000000000000004E+036
 1.00000000000000004E+036
 1.00000000000000004E+036
 1.00000000000000004E+036
 1.00000000000000004E+036
 1.00000000000000004E+036
 1.00000000000000004E+036
 1.00000000000000004E+036
 1.00000000000000004E+036
 1.00000000000000004E+036
 1.00000000000000004E+036
 1.00000000000000004E+036
 1.00000000000000004E+036
 1.00000000000000004E+036
 1.00000000000000004E+036
 1.00000000000000004E+036
# INPUT: mlcanopy_inst__eg_soil(1)
 3.74589466695081455E+003
# INPUT: mlcanopy_inst__etsoi_soil(1)
 4.25795781168208216E-004
# INPUT: mlcanopy_inst__gac0_soil(1)
 8.04179441125409122E-002
# INPUT: mlcanopy_inst__gsoi_soil(1)
 2.89925902054725277E+001
# INPUT: mlcanopy_inst__lhsoi_soil(1)
 1.91897727816044323E+001
# INPUT: mlcanopy_inst__pref_forcing(1)
 1.00762552083333314E+005
# INPUT: mlcanopy_inst__rhg_soil(1)
 9.95462413944631197E-001
# INPUT: mlcanopy_inst__rhomol_forcing(1)
 4.02089720562704542E+001
# INPUT: mlcanopy_inst__rnsoi_soil(1)
 5.00878429001903953E+001
# INPUT: mlcanopy_inst__shsoi_soil(1)
 1.88854871079082209E+000
# INPUT: mlcanopy_inst__soil_dz_soil(1)
 1.00000000000000002E-002
# INPUT: mlcanopy_inst__soil_t_soil(1)
 3.00623687744140625E+002
# INPUT: mlcanopy_inst__soil_tk_soil(1)
 6.60607311783409590E-001
# INPUT: mlcanopy_inst__soilres_soil(1)
 1.48388869602942032E+003
# INPUT: mlcanopy_inst__tair_profile(1,100)
 3.00256250347965135E+002
 3.00163770943326256E+002
 3.00070818986180882E+002
 2.99977336698813133E+002
 2.99884495768250076E+002
 2.99793778428914777E+002
 2.99706652932017050E+002
 2.99625681088419924E+002
 2.99551984580524390E+002
 2.99488157371859018E+002
 2.99436296281517571E+002
 2.99398557918761128E+002
 2.99377432927218194E+002
 2.99374239607854861E+002
 2.99390629044328648E+002
 2.99428443500563219E+002
 2.99488444300287767E+002
 2.99570234051455770E+002
 2.99671085920493965E+002
 2.99784576344156847E+002
 2.99898852510296138E+002
 2.99997464644275055E+002
 3.00087165076933957E+002
 3.00171108232806603E+002
 3.00251009599728945E+002
 3.00327890716022182E+002
 3.00402379826276388E+002
 3.00474841443776597E+002
 3.00545587103498860E+002
 3.00614843024629124E+002
 3.00682787065291961E+002
 3.00749564303164846E+002
 3.00815244984940875E+002
 3.00879921634336597E+002
 3.00943662472862968E+002
 3.01006537009559736E+002
 3.01068600897572878E+002
 3.01129888547555311E+002
 3.01190441235069500E+002
 3.01250299963579153E+002
 3.01309497620774550E+002
 3.01368074416162756E+002
 3.01426049870754241E+002
 3.01483455929515685E+002
 3.01540316053594097E+002
 3.01596657266041802E+002
 1.00000000000000004E+036
 1.00000000000000004E+036
 1.00000000000000004E+036
 1.00000000000000004E+036
 1.00000000000000004E+036
 1.00000000000000004E+036
 1.00000000000000004E+036
 1.00000000000000004E+036
 1.00000000000000004E+036
 1.00000000000000004E+036
 1.00000000000000004E+036
 1.00000000000000004E+036
 1.00000000000000004E+036
 1.00000000000000004E+036
 1.00000000000000004E+036
 1.00000000000000004E+036
 1.00000000000000004E+036
 1.00000000000000004E+036
 1.00000000000000004E+036
 1.00000000000000004E+036
 1.00000000000000004E+036
 1.00000000000000004E+036
 1.00000000000000004E+036
 1.00000000000000004E+036
 1.00000000000000004E+036
 1.00000000000000004E+036
 1.00000000000000004E+036
 1.00000000000000004E+036
 1.00000000000000004E+036
 1.00000000000000004E+036
 1.00000000000000004E+036
 1.00000000000000004E+036
 1.00000000000000004E+036
 1.00000000000000004E+036
 1.00000000000000004E+036
 1.00000000000000004E+036
 1.00000000000000004E+036
 1.00000000000000004E+036
 1.00000000000000004E+036
 1.00000000000000004E+036
 1.00000000000000004E+036
 1.00000000000000004E+036
 1.00000000000000004E+036
 1.00000000000000004E+036
 1.00000000000000004E+036
 1.00000000000000004E+036
 1.00000000000000004E+036
 1.00000000000000004E+036
 1.00000000000000004E+036
 1.00000000000000004E+036
 1.00000000000000004E+036
 1.00000000000000004E+036
 1.00000000000000004E+036
 1.00000000000000004E+036
# INPUT: mlcanopy_inst__tg_bef_soil(1)
 3.01104704275745689E+002
# INPUT: mlcanopy_inst__tg_soil(1)
 3.01064680649007585E+002
# INPUT: mlcanopy_inst__tref_forcing(1)
 3.01399230957031250E+002
# INPUT: clm_varcon__hsub
 2.83470000000000000E+006
# INPUT: clm_varcon__hvap
 2.50100000000000000E+006
# INPUT: mlclm_varcon__mmh2o
 1.80200000000000013E-002
# OUTPUT: mlcanopy_inst__eg_soil(1)
 3.74593030580069899E+003
# OUTPUT: mlcanopy_inst__etsoi_soil(1)
 4.25889112472760910E-004
# OUTPUT: mlcanopy_inst__gsoi_soil(1)
 2.90033452949554906E+001
# OUTPUT: mlcanopy_inst__lhsoi_soil(1)
 1.91939790387046401E+001
# OUTPUT: mlcanopy_inst__shsoi_soil(1)
 1.89051856652901940E+000
# OUTPUT: mlcanopy_inst__tg_soil(1)
 3.01062728378078759E+002
