# PROBE mlsoilfluxesmod.soilfluxes_flat: call=34
# p = 1
# np_ = 1
# INPUT: mlcanopy_inst__cpair_forcing(1)
 2.91500116160671041E+001
# INPUT: mlcanopy_inst__eair_profile(1,100)
 1.75972096718659009E+003
 1.68579533906481902E+003
 1.63845739636074018E+003
 1.60792440212231145E+003
 1.58789440220506526E+003
 1.57419389005508674E+003
 1.56402730587886617E+003
 1.55535339449066123E+003
 1.54676899533011488E+003
 1.53733637166519179E+003
 1.52630718306641825E+003
 1.51322683274962810E+003
 1.49775113424825895E+003
 1.47972415112816634E+003
 1.45913812319250223E+003
 1.43595420365508539E+003
 1.41027225035319293E+003
 1.38235512397420371E+003
 1.35273008700888818E+003
 1.32234069254438896E+003
 1.29328530276165043E+003
 1.26844370591113693E+003
 1.24590287264395988E+003
 1.22480610219650794E+003
 1.20470986160501116E+003
 1.18535551633003024E+003
 1.16658256637321620E+003
 1.14828495196293466E+003
 1.13038886896969962E+003
 1.11284024298748545E+003
 1.09559951683904364E+003
 1.07863501787208179E+003
 1.06192218307372718E+003
 1.04544097693263006E+003
 1.02917266894681961E+003
 1.01310344349208469E+003
 9.97221072930168361E+002
 9.81513590365106779E+002
 9.65969690076186566E+002
 9.50579347291954264E+002
 9.35334138088497070E+002
 9.20223782538950559E+002
 9.05241398363210465E+002
 8.90377992231501594E+002
 8.75625886059813070E+002
 8.60977641035170222E+002
 1.00000000000000004E+036
 1.00000000000000004E+036
 1.00000000000000004E+036
 1.00000000000000004E+036
 1.00000000000000004E+036
 1.00000000000000004E+036
 1.00000000000000004E+036
 1.00000000000000004E+036
 1.00000000000000004E+036
 1.00000000000000004E+036
 1.00000000000000004E+036
 1.00000000000000004E+036
 1.00000000000000004E+036
 1.00000000000000004E+036
 1.00000000000000004E+036
 1.00000000000000004E+036
 1.00000000000000004E+036
 1.00000000000000004E+036
 1.00000000000000004E+036
 1.00000000000000004E+036
 1.00000000000000004E+036
 1.00000000000000004E+036
 1.00000000000000004E+036
 1.00000000000000004E+036
 1.00000000000000004E+036
 1.00000000000000004E+036
 1.00000000000000004E+036
 1.00000000000000004E+036
 1.00000000000000004E+036
 1.00000000000000004E+036
 1.00000000000000004E+036
 1.00000000000000004E+036
 1.00000000000000004E+036
 1.00000000000000004E+036
 1.00000000000000004E+036
 1.00000000000000004E+036
 1.00000000000000004E+036
 1.00000000000000004E+036
 1.00000000000000004E+036
 1.00000000000000004E+036
 1.00000000000000004E+036
 1.00000000000000004E+036
 1.00000000000000004E+036
 1.00000000000000004E+036
 1.00000000000000004E+036
 1.00000000000000004E+036
 1.00000000000000004E+036
 1.00000000000000004E+036
 1.00000000000000004E+036
 1.00000000000000004E+036
 1.00000000000000004E+036
 1.00000000000000004E+036
 1.00000000000000004E+036
 1.00000000000000004E+036
# INPUT: mlcanopy_inst__eg_soil(1)
 3.70569280506462928E+003
# INPUT: mlcanopy_inst__etsoi_soil(1)
 3.95555678544451655E-004
# INPUT: mlcanopy_inst__gac0_soil(1)
 8.04346041296087749E-002
# INPUT: mlcanopy_inst__gsoi_soil(1)
 2.58728796816893869E+001
# INPUT: mlcanopy_inst__lhsoi_soil(1)
 1.78269112317549201E+001
# INPUT: mlcanopy_inst__pref_forcing(1)
 1.00759854166666642E+005
# INPUT: mlcanopy_inst__rhg_soil(1)
 9.95425566377758586E-001
# INPUT: mlcanopy_inst__rhomol_forcing(1)
 4.02173020648043860E+001
# INPUT: mlcanopy_inst__rnsoi_soil(1)
 4.53343012563827159E+001
# INPUT: mlcanopy_inst__shsoi_soil(1)
 1.57736122864704620E+000
# INPUT: mlcanopy_inst__soil_dz_soil(1)
 1.00000000000000002E-002
# INPUT: mlcanopy_inst__soil_t_soil(1)
 3.00487173195100183E+002
# INPUT: mlcanopy_inst__soil_tk_soil(1)
 6.60135964157862687E-001
# INPUT: mlcanopy_inst__soilres_soil(1)
 1.48720005130986920E+003
# INPUT: mlcanopy_inst__tair_profile(1,100)
 3.00251217736622436E+002
 3.00127427720150706E+002
 3.00003775334867555E+002
 2.99879345846004128E+002
 2.99755260769723691E+002
 2.99633079731838109E+002
 2.99514006739568856E+002
 2.99401160458557456E+002
 2.99296884640328642E+002
 2.99203181092124225E+002
 2.99124114882225115E+002
 2.99062561796282750E+002
 2.99022093873036226E+002
 2.99004804892847687E+002
 2.99011551677623970E+002
 2.99044554345912047E+002
 2.99104881718558488E+002
 2.99192253811740784E+002
 2.99303939984022293E+002
 2.99433669016303327E+002
 2.99565961953952126E+002
 2.99679055906239967E+002
 2.99781656714308781E+002
 2.99877661109939993E+002
 2.99969084882203049E+002
 3.00057102134818649E+002
 3.00142440317570276E+002
 3.00225579155603043E+002
 3.00306851647703297E+002
 3.00386501078997583E+002
 3.00464704768181093E+002
 3.00541604223850072E+002
 3.00617308694982626E+002
 3.00691906910438718E+002
 3.00765481682445227E+002
 3.00838093585687602E+002
 3.00909796030381358E+002
 3.00980641256076638E+002
 3.01050678515611366E+002
 3.01119951281812234E+002
 3.01188495819366040E+002
 3.01256356729500396E+002
 3.01323563333129357E+002
 3.01390154413635287E+002
 3.01456162829253401E+002
 3.01521620341771097E+002
 1.00000000000000004E+036
 1.00000000000000004E+036
 1.00000000000000004E+036
 1.00000000000000004E+036
 1.00000000000000004E+036
 1.00000000000000004E+036
 1.00000000000000004E+036
 1.00000000000000004E+036
 1.00000000000000004E+036
 1.00000000000000004E+036
 1.00000000000000004E+036
 1.00000000000000004E+036
 1.00000000000000004E+036
 1.00000000000000004E+036
 1.00000000000000004E+036
 1.00000000000000004E+036
 1.00000000000000004E+036
 1.00000000000000004E+036
 1.00000000000000004E+036
 1.00000000000000004E+036
 1.00000000000000004E+036
 1.00000000000000004E+036
 1.00000000000000004E+036
 1.00000000000000004E+036
 1.00000000000000004E+036
 1.00000000000000004E+036
 1.00000000000000004E+036
 1.00000000000000004E+036
 1.00000000000000004E+036
 1.00000000000000004E+036
 1.00000000000000004E+036
 1.00000000000000004E+036
 1.00000000000000004E+036
 1.00000000000000004E+036
 1.00000000000000004E+036
 1.00000000000000004E+036
 1.00000000000000004E+036
 1.00000000000000004E+036
 1.00000000000000004E+036
 1.00000000000000004E+036
 1.00000000000000004E+036
 1.00000000000000004E+036
 1.00000000000000004E+036
 1.00000000000000004E+036
 1.00000000000000004E+036
 1.00000000000000004E+036
 1.00000000000000004E+036
 1.00000000000000004E+036
 1.00000000000000004E+036
 1.00000000000000004E+036
 1.00000000000000004E+036
 1.00000000000000004E+036
 1.00000000000000004E+036
 1.00000000000000004E+036
# INPUT: mlcanopy_inst__tg_bef_soil(1)
 3.01062728378078759E+002
# INPUT: mlcanopy_inst__tg_soil(1)
 3.00879105783028422E+002
# INPUT: mlcanopy_inst__tref_forcing(1)
 3.01328735351562500E+002
# INPUT: clm_varcon__hsub
 2.83470000000000000E+006
# INPUT: clm_varcon__hvap
 2.50100000000000000E+006
# INPUT: mlclm_varcon__mmh2o
 1.80200000000000013E-002
# OUTPUT: mlcanopy_inst__eg_soil(1)
 3.70685421500629172E+003
# OUTPUT: mlcanopy_inst__etsoi_soil(1)
 3.91092498264478995E-004
# OUTPUT: mlcanopy_inst__gsoi_soil(1)
 2.62238798624169540E+001
# OUTPUT: mlcanopy_inst__lhsoi_soil(1)
 1.76257645336335074E+001
# OUTPUT: mlcanopy_inst__shsoi_soil(1)
 1.48465686033711752E+000
# OUTPUT: mlcanopy_inst__tg_soil(1)
 3.00884422872231028E+002
