# PROBE mlsoilfluxesmod.soilfluxes_flat: call=42
# p = 1
# np_ = 1
# INPUT: mlcanopy_inst__cpair_forcing(1)
 2.91504535597411802E+001
# INPUT: mlcanopy_inst__eair_profile(1,100)
 2.09162991954092013E+003
 1.92185966167466336E+003
 1.83387118792635988E+003
 1.79072629444048630E+003
 1.77260364628976345E+003
 1.76814646871803870E+003
 1.77015882532014257E+003
 1.77406795217445801E+003
 1.77697434208975938E+003
 1.77684230803923356E+003
 1.77230095402645270E+003
 1.76256431193270896E+003
 1.74730313455343753E+003
 1.72646877547081158E+003
 1.70029623419921359E+003
 1.66942862933565493E+003
 1.63430605453347130E+003
 1.59566233874025124E+003
 1.55455914530198311E+003
 1.51260463407213797E+003
 1.47274390124385764E+003
 1.43925339628814163E+003
 1.40875145938346986E+003
 1.38009713826440338E+003
 1.35267543294386837E+003
 1.32613008777081882E+003
 1.30028318061276309E+003
 1.27501715347814570E+003
 1.25023979570290749E+003
 1.22589427688712863E+003
 1.20194353375559899E+003
 1.17835174751215891E+003
 1.15508867179310732E+003
 1.13213622923433468E+003
 1.10947489557497101E+003
 1.08708050855957686E+003
 1.06494156515663121E+003
 1.04304143688671934E+003
 1.02136173335808576E+003
 9.99889535631891590E+002
 9.78610528651048639E+002
 9.57508500803793709E+002
 9.36570144183605635E+002
 9.15781669457295948E+002
 8.95128477769839378E+002
 8.74596647357340089E+002
 1.00000000000000004E+036
 1.00000000000000004E+036
 1.00000000000000004E+036
 1.00000000000000004E+036
 1.00000000000000004E+036
 1.00000000000000004E+036
 1.00000000000000004E+036
 1.00000000000000004E+036
 1.00000000000000004E+036
 1.00000000000000004E+036
 1.00000000000000004E+036
 1.00000000000000004E+036
 1.00000000000000004E+036
 1.00000000000000004E+036
 1.00000000000000004E+036
 1.00000000000000004E+036
 1.00000000000000004E+036
 1.00000000000000004E+036
 1.00000000000000004E+036
 1.00000000000000004E+036
 1.00000000000000004E+036
 1.00000000000000004E+036
 1.00000000000000004E+036
 1.00000000000000004E+036
 1.00000000000000004E+036
 1.00000000000000004E+036
 1.00000000000000004E+036
 1.00000000000000004E+036
 1.00000000000000004E+036
 1.00000000000000004E+036
 1.00000000000000004E+036
 1.00000000000000004E+036
 1.00000000000000004E+036
 1.00000000000000004E+036
 1.00000000000000004E+036
 1.00000000000000004E+036
 1.00000000000000004E+036
 1.00000000000000004E+036
 1.00000000000000004E+036
 1.00000000000000004E+036
 1.00000000000000004E+036
 1.00000000000000004E+036
 1.00000000000000004E+036
 1.00000000000000004E+036
 1.00000000000000004E+036
 1.00000000000000004E+036
 1.00000000000000004E+036
 1.00000000000000004E+036
 1.00000000000000004E+036
 1.00000000000000004E+036
 1.00000000000000004E+036
 1.00000000000000004E+036
 1.00000000000000004E+036
 1.00000000000000004E+036
# INPUT: mlcanopy_inst__eg_soil(1)
 3.69531149472705192E+003
# INPUT: mlcanopy_inst__etsoi_soil(1)
 3.26366101921133180E-004
# INPUT: mlcanopy_inst__gac0_soil(1)
 8.04679475602739780E-002
# INPUT: mlcanopy_inst__gsoi_soil(1)
 2.26459778938744734E+001
# INPUT: mlcanopy_inst__lhsoi_soil(1)
 1.47086740087036709E+001
# INPUT: mlcanopy_inst__pref_forcing(1)
 1.00754458333333314E+005
# INPUT: mlcanopy_inst__rhg_soil(1)
 9.95425566377758586E-001
# INPUT: mlcanopy_inst__rhomol_forcing(1)
 4.02339737801369921E+001
# INPUT: mlcanopy_inst__rnsoi_soil(1)
 3.81678112549432740E+001
# INPUT: mlcanopy_inst__shsoi_soil(1)
 1.02867008999327370E+000
# INPUT: mlcanopy_inst__soil_dz_soil(1)
 1.00000000000000002E-002
# INPUT: mlcanopy_inst__soil_t_soil(1)
 3.00487173195100183E+002
# INPUT: mlcanopy_inst__soil_tk_soil(1)
 6.60135964157862687E-001
# INPUT: mlcanopy_inst__soilres_soil(1)
 1.48720005130986920E+003
# INPUT: mlcanopy_inst__tair_profile(1,100)
 3.00420879216327933E+002
 3.00204977206418846E+002
 3.00009881107432420E+002
 2.99821609314050022E+002
 2.99635890992113502E+002
 2.99450583620923680E+002
 2.99268373344147221E+002
 2.99091143935958428E+002
 2.98919998208099344E+002
 2.98759914317820289E+002
 2.98616527604472083E+002
 2.98495628109232541E+002
 2.98402466152923409E+002
 2.98342130441267841E+002
 2.98318490349689228E+002
 2.98331457733844218E+002
 2.98383638444459677E+002
 2.98474643591372796E+002
 2.98600934626272419E+002
 2.98754233704479532E+002
 2.98915779615982842E+002
 2.99051869560699174E+002
 2.99176114195975515E+002
 2.99293088185612021E+002
 2.99405251614207600E+002
 2.99514023114907616E+002
 2.99620099718655808E+002
 2.99723935731264305E+002
 2.99825884658508187E+002
 2.99926156835237919E+002
 3.00024882852316523E+002
 3.00122189447268227E+002
 3.00218181467209149E+002
 3.00312914441902024E+002
 3.00406450636905390E+002
 3.00498872142284540E+002
 3.00590209398927129E+002
 3.00680514541718992E+002
 3.00769847432969470E+002
 3.00858245794659069E+002
 3.00945753473190621E+002
 3.01032422416793338E+002
 3.01118292890852501E+002
 3.01203407352055365E+002
 3.01287811727501378E+002
 3.01371549272808750E+002
 1.00000000000000004E+036
 1.00000000000000004E+036
 1.00000000000000004E+036
 1.00000000000000004E+036
 1.00000000000000004E+036
 1.00000000000000004E+036
 1.00000000000000004E+036
 1.00000000000000004E+036
 1.00000000000000004E+036
 1.00000000000000004E+036
 1.00000000000000004E+036
 1.00000000000000004E+036
 1.00000000000000004E+036
 1.00000000000000004E+036
 1.00000000000000004E+036
 1.00000000000000004E+036
 1.00000000000000004E+036
 1.00000000000000004E+036
 1.00000000000000004E+036
 1.00000000000000004E+036
 1.00000000000000004E+036
 1.00000000000000004E+036
 1.00000000000000004E+036
 1.00000000000000004E+036
 1.00000000000000004E+036
 1.00000000000000004E+036
 1.00000000000000004E+036
 1.00000000000000004E+036
 1.00000000000000004E+036
 1.00000000000000004E+036
 1.00000000000000004E+036
 1.00000000000000004E+036
 1.00000000000000004E+036
 1.00000000000000004E+036
 1.00000000000000004E+036
 1.00000000000000004E+036
 1.00000000000000004E+036
 1.00000000000000004E+036
 1.00000000000000004E+036
 1.00000000000000004E+036
 1.00000000000000004E+036
 1.00000000000000004E+036
 1.00000000000000004E+036
 1.00000000000000004E+036
 1.00000000000000004E+036
 1.00000000000000004E+036
 1.00000000000000004E+036
 1.00000000000000004E+036
 1.00000000000000004E+036
 1.00000000000000004E+036
 1.00000000000000004E+036
 1.00000000000000004E+036
 1.00000000000000004E+036
 1.00000000000000004E+036
# INPUT: mlcanopy_inst__tg_bef_soil(1)
 3.00852301307415360E+002
# INPUT: mlcanopy_inst__tg_soil(1)
 3.00841262354595870E+002
# INPUT: mlcanopy_inst__tref_forcing(1)
 3.01187744140625000E+002
# INPUT: clm_varcon__hsub
 2.83470000000000000E+006
# INPUT: clm_varcon__hvap
 2.50100000000000000E+006
# INPUT: mlclm_varcon__mmh2o
 1.80200000000000013E-002
# OUTPUT: mlcanopy_inst__eg_soil(1)
 3.69542847833772703E+003
# OUTPUT: mlcanopy_inst__etsoi_soil(1)
 3.22282619694336334E-004
# OUTPUT: mlcanopy_inst__gsoi_soil(1)
 2.26817126242243354E+001
# OUTPUT: mlcanopy_inst__lhsoi_soil(1)
 1.45246395500367456E+001
# OUTPUT: mlcanopy_inst__shsoi_soil(1)
 9.61459080685255096E-001
# OUTPUT: mlcanopy_inst__tg_soil(1)
 3.00830764725568599E+002
