# PROBE mlsoilfluxesmod.soilfluxes_flat: call=37
# p = 1
# np_ = 1
# INPUT: mlcanopy_inst__cpair_forcing(1)
 2.91502325923656898E+001
# INPUT: mlcanopy_inst__eair_profile(1,100)
 1.89557134122378147E+003
 1.79580700893308290E+003
 1.73536457259499457E+003
 1.69915022306728611E+003
 1.67766313979886377E+003
 1.66479381072727278E+003
 1.65641125937209904E+003
 1.64981542691428922E+003
 1.64298210309199521E+003
 1.63470627170022090E+003
 1.62406953965835578E+003
 1.61057482621343479E+003
 1.59387912626865523E+003
 1.57387903809880436E+003
 1.55066963356378346E+003
 1.52431221839225236E+003
 1.49501864454667270E+003
 1.46318029863786387E+003
 1.42946195577996377E+003
 1.39499511539564355E+003
 1.36210705996548427E+003
 1.33413186255507003E+003
 1.30875604862385194E+003
 1.28496286200643976E+003
 1.26221527018620759E+003
 1.24026040304920116E+003
 1.21892448205478127E+003
 1.19808953109253457E+003
 1.17766387379912658E+003
 1.15760765418659889E+003
 1.13787755411965418E+003
 1.11843730211615525E+003
 1.09926111784682962E+003
 1.08033305180188358E+003
 1.06163435527846445E+003
 1.04314741650007909E+003
 1.02486043704870167E+003
 1.00676178581837644E+003
 9.88839880253311435E+002
 9.71082251286339329E+002
 9.53479753508952285E+002
 9.36024344315782514E+002
 9.18705293836402689E+002
 9.01512505547975024E+002
 8.84438664877488236E+002
 8.67475039748149470E+002
 1.00000000000000004E+036
 1.00000000000000004E+036
 1.00000000000000004E+036
 1.00000000000000004E+036
 1.00000000000000004E+036
 1.00000000000000004E+036
 1.00000000000000004E+036
 1.00000000000000004E+036
 1.00000000000000004E+036
 1.00000000000000004E+036
 1.00000000000000004E+036
 1.00000000000000004E+036
 1.00000000000000004E+036
 1.00000000000000004E+036
 1.00000000000000004E+036
 1.00000000000000004E+036
 1.00000000000000004E+036
 1.00000000000000004E+036
 1.00000000000000004E+036
 1.00000000000000004E+036
 1.00000000000000004E+036
 1.00000000000000004E+036
 1.00000000000000004E+036
 1.00000000000000004E+036
 1.00000000000000004E+036
 1.00000000000000004E+036
 1.00000000000000004E+036
 1.00000000000000004E+036
 1.00000000000000004E+036
 1.00000000000000004E+036
 1.00000000000000004E+036
 1.00000000000000004E+036
 1.00000000000000004E+036
 1.00000000000000004E+036
 1.00000000000000004E+036
 1.00000000000000004E+036
 1.00000000000000004E+036
 1.00000000000000004E+036
 1.00000000000000004E+036
 1.00000000000000004E+036
 1.00000000000000004E+036
 1.00000000000000004E+036
 1.00000000000000004E+036
 1.00000000000000004E+036
 1.00000000000000004E+036
 1.00000000000000004E+036
 1.00000000000000004E+036
 1.00000000000000004E+036
 1.00000000000000004E+036
 1.00000000000000004E+036
 1.00000000000000004E+036
 1.00000000000000004E+036
 1.00000000000000004E+036
 1.00000000000000004E+036
# INPUT: mlcanopy_inst__eg_soil(1)
 3.70031509685368928E+003
# INPUT: mlcanopy_inst__etsoi_soil(1)
 3.66552311558682197E-004
# INPUT: mlcanopy_inst__gac0_soil(1)
 8.04512719436948354E-002
# INPUT: mlcanopy_inst__gsoi_soil(1)
 2.41760254876540976E+001
# INPUT: mlcanopy_inst__lhsoi_soil(1)
 1.65197869083729216E+001
# INPUT: mlcanopy_inst__pref_forcing(1)
 1.00757156249999985E+005
# INPUT: mlcanopy_inst__rhg_soil(1)
 9.95425566377758586E-001
# INPUT: mlcanopy_inst__rhomol_forcing(1)
 4.02256359718474172E+001
# INPUT: mlcanopy_inst__rnsoi_soil(1)
 4.18134924549555080E+001
# INPUT: mlcanopy_inst__shsoi_soil(1)
 1.43864594363520326E+000
# INPUT: mlcanopy_inst__soil_dz_soil(1)
 1.00000000000000002E-002
# INPUT: mlcanopy_inst__soil_t_soil(1)
 3.00487173195100183E+002
# INPUT: mlcanopy_inst__soil_tk_soil(1)
 6.60135964157862687E-001
# INPUT: mlcanopy_inst__soilres_soil(1)
 1.48720005130986920E+003
# INPUT: mlcanopy_inst__tair_profile(1,100)
 3.00279624820565061E+002
 3.00118799243924570E+002
 2.99963430242270192E+002
 2.99809225052634417E+002
 2.99656130372328278E+002
 2.99504975326239332E+002
 2.99358439446130262E+002
 2.99217525899539510E+002
 2.99086797950041102E+002
 2.98968442404735129E+002
 2.98867061786873535E+002
 2.98785839390207059E+002
 2.98728563316407019E+002
 2.98698053421746465E+002
 2.98695650665797643E+002
 2.98723748482373935E+002
 2.98783429993799473E+002
 2.98874182277225714E+002
 2.98993001839386181E+002
 2.99132962401109182E+002
 2.99277628253728381E+002
 2.99400737559139145E+002
 2.99512444857456046E+002
 2.99617209803205071E+002
 2.99717385172323304E+002
 2.99814074897920193E+002
 2.99908035930523909E+002
 2.99999780288704642E+002
 3.00089704700687321E+002
 3.00177978118498061E+002
 3.00264785053527760E+002
 3.00350279234654522E+002
 3.00434568430415027E+002
 3.00517717377264091E+002
 3.00599803282988205E+002
 3.00680898486994806E+002
 3.00761049939744339E+002
 3.00840303982812600E+002
 3.00918706846851364E+002
 3.00996308715037856E+002
 3.01073145304833702E+002
 3.01149247596957991E+002
 3.01224658345069258E+002
 3.01299417558755067E+002
 3.01373553169982415E+002
 3.01447099294569227E+002
 1.00000000000000004E+036
 1.00000000000000004E+036
 1.00000000000000004E+036
 1.00000000000000004E+036
 1.00000000000000004E+036
 1.00000000000000004E+036
 1.00000000000000004E+036
 1.00000000000000004E+036
 1.00000000000000004E+036
 1.00000000000000004E+036
 1.00000000000000004E+036
 1.00000000000000004E+036
 1.00000000000000004E+036
 1.00000000000000004E+036
 1.00000000000000004E+036
 1.00000000000000004E+036
 1.00000000000000004E+036
 1.00000000000000004E+036
 1.00000000000000004E+036
 1.00000000000000004E+036
 1.00000000000000004E+036
 1.00000000000000004E+036
 1.00000000000000004E+036
 1.00000000000000004E+036
 1.00000000000000004E+036
 1.00000000000000004E+036
 1.00000000000000004E+036
 1.00000000000000004E+036
 1.00000000000000004E+036
 1.00000000000000004E+036
 1.00000000000000004E+036
 1.00000000000000004E+036
 1.00000000000000004E+036
 1.00000000000000004E+036
 1.00000000000000004E+036
 1.00000000000000004E+036
 1.00000000000000004E+036
 1.00000000000000004E+036
 1.00000000000000004E+036
 1.00000000000000004E+036
 1.00000000000000004E+036
 1.00000000000000004E+036
 1.00000000000000004E+036
 1.00000000000000004E+036
 1.00000000000000004E+036
 1.00000000000000004E+036
 1.00000000000000004E+036
 1.00000000000000004E+036
 1.00000000000000004E+036
 1.00000000000000004E+036
 1.00000000000000004E+036
 1.00000000000000004E+036
 1.00000000000000004E+036
 1.00000000000000004E+036
# INPUT: mlcanopy_inst__tg_bef_soil(1)
 3.00884369548608106E+002
# INPUT: mlcanopy_inst__tg_soil(1)
 3.00868885357459362E+002
# INPUT: mlcanopy_inst__tref_forcing(1)
 3.01258239746093750E+002
# INPUT: clm_varcon__hsub
 2.83470000000000000E+006
# INPUT: clm_varcon__hvap
 2.50100000000000000E+006
# INPUT: mlclm_varcon__mmh2o
 1.80200000000000013E-002
# OUTPUT: mlcanopy_inst__eg_soil(1)
 3.70016490003272384E+003
# OUTPUT: mlcanopy_inst__etsoi_soil(1)
 3.62547429847465900E-004
# OUTPUT: mlcanopy_inst__gsoi_soil(1)
 2.41302199452879833E+001
# OUTPUT: mlcanopy_inst__lhsoi_soil(1)
 1.63392948193141905E+001
# OUTPUT: mlcanopy_inst__shsoi_soil(1)
 1.34397769035534687E+000
# OUTPUT: mlcanopy_inst__tg_soil(1)
 3.00852707285885117E+002
