# PROBE mlsoilfluxesmod.soilfluxes_flat: call=39
# p = 1
# np_ = 1
# INPUT: mlcanopy_inst__cpair_forcing(1)
 2.91502325923656898E+001
# INPUT: mlcanopy_inst__eair_profile(1,100)
 1.92483950485685159E+003
 1.80503376601446416E+003
 1.73787142994503006E+003
 1.70088008345453090E+003
 1.68140710473132708E+003
 1.67192068189215001E+003
 1.66763191999500623E+003
 1.66528989385106547E+003
 1.66268654250344434E+003
 1.65824955297665383E+003
 1.65089086750517845E+003
 1.64000537301706481E+003
 1.62518222997637531E+003
 1.60621854320807802E+003
 1.58313843658828841E+003
 1.55626948931647621E+003
 1.52586180478657548E+003
 1.49239812236863008E+003
 1.45667917603381306E+003
 1.42002524613999708E+003
 1.38501676313059238E+003
 1.35544707542211790E+003
 1.32868437120434010E+003
 1.30356582056867228E+003
 1.27962985701284333E+003
 1.25652341056845330E+003
 1.23409098953966532E+003
 1.21220304773177418E+003
 1.19077449993914911E+003
 1.16975816342345911E+003
 1.14909520188465399E+003
 1.12876574228030859E+003
 1.10873324938875453E+003
 1.08897932099030913E+003
 1.06948385339142351E+003
 1.05022762885060433E+003
 1.03119772917269052E+003
 1.01237434149934825E+003
 9.93748931742258947E+002
 9.75305450337346429E+002
 9.57031716399222205E+002
 9.38916147321614858E+002
 9.20945547413553186E+002
 9.03109820974419222E+002
 8.85395926544175836E+002
 8.67794091244805145E+002
 1.00000000000000004E+036
 1.00000000000000004E+036
 1.00000000000000004E+036
 1.00000000000000004E+036
 1.00000000000000004E+036
 1.00000000000000004E+036
 1.00000000000000004E+036
 1.00000000000000004E+036
 1.00000000000000004E+036
 1.00000000000000004E+036
 1.00000000000000004E+036
 1.00000000000000004E+036
 1.00000000000000004E+036
 1.00000000000000004E+036
 1.00000000000000004E+036
 1.00000000000000004E+036
 1.00000000000000004E+036
 1.00000000000000004E+036
 1.00000000000000004E+036
 1.00000000000000004E+036
 1.00000000000000004E+036
 1.00000000000000004E+036
 1.00000000000000004E+036
 1.00000000000000004E+036
 1.00000000000000004E+036
 1.00000000000000004E+036
 1.00000000000000004E+036
 1.00000000000000004E+036
 1.00000000000000004E+036
 1.00000000000000004E+036
 1.00000000000000004E+036
 1.00000000000000004E+036
 1.00000000000000004E+036
 1.00000000000000004E+036
 1.00000000000000004E+036
 1.00000000000000004E+036
 1.00000000000000004E+036
 1.00000000000000004E+036
 1.00000000000000004E+036
 1.00000000000000004E+036
 1.00000000000000004E+036
 1.00000000000000004E+036
 1.00000000000000004E+036
 1.00000000000000004E+036
 1.00000000000000004E+036
 1.00000000000000004E+036
 1.00000000000000004E+036
 1.00000000000000004E+036
 1.00000000000000004E+036
 1.00000000000000004E+036
 1.00000000000000004E+036
 1.00000000000000004E+036
 1.00000000000000004E+036
 1.00000000000000004E+036
# INPUT: mlcanopy_inst__eg_soil(1)
 3.70022358892339662E+003
# INPUT: mlcanopy_inst__etsoi_soil(1)
 3.61731060226855251E-004
# INPUT: mlcanopy_inst__gac0_soil(1)
 8.04512719436948354E-002
# INPUT: mlcanopy_inst__gsoi_soil(1)
 2.41481183032616222E+001
# INPUT: mlcanopy_inst__lhsoi_soil(1)
 1.63025026569251175E+001
# INPUT: mlcanopy_inst__pref_forcing(1)
 1.00757156249999985E+005
# INPUT: mlcanopy_inst__rhg_soil(1)
 9.95425566377758586E-001
# INPUT: mlcanopy_inst__rhomol_forcing(1)
 4.02256359718474172E+001
# INPUT: mlcanopy_inst__rnsoi_soil(1)
 4.13835650389153784E+001
# INPUT: mlcanopy_inst__shsoi_soil(1)
 1.32715529843535252E+000
# INPUT: mlcanopy_inst__soil_dz_soil(1)
 1.00000000000000002E-002
# INPUT: mlcanopy_inst__soil_t_soil(1)
 3.00487173195100183E+002
# INPUT: mlcanopy_inst__soil_tk_soil(1)
 6.60135964157862687E-001
# INPUT: mlcanopy_inst__soilres_soil(1)
 1.48720005130986920E+003
# INPUT: mlcanopy_inst__tair_profile(1,100)
 3.00333034113654605E+002
 3.00158240952111385E+002
 2.99995351965713553E+002
 2.99836429295869607E+002
 2.99679510082982006E+002
 2.99523859474157689E+002
 2.99369722564828976E+002
 2.99219249810371934E+002
 2.99075789643201972E+002
 2.98944013920971429E+002
 2.98828647131396053E+002
 2.98733464111056946E+002
 2.98663051775586325E+002
 2.98621443903267902E+002
 2.98612514993970194E+002
 2.98635943602862028E+002
 2.98693526977801298E+002
 2.98785057112044001E+002
 2.98907414641904040E+002
 2.99053003609384177E+002
 2.99204414516653287E+002
 2.99332450619254189E+002
 2.99448448608334218E+002
 2.99557414093008788E+002
 2.99661325198670681E+002
 2.99761695657376436E+002
 2.99859184994367638E+002
 2.99954342198066627E+002
 3.00047524526027303E+002
 3.00138925481306160E+002
 3.00228790037440604E+002
 3.00317194339876778E+002
 3.00404287504463866E+002
 3.00490140226244193E+002
 3.00574830972194320E+002
 3.00658434672181954E+002
 3.00740999180533606E+002
 3.00822602506711860E+002
 3.00903273955143391E+002
 3.00983075587770259E+002
 3.01062052851868941E+002
 3.01140248736506408E+002
 3.01217713285669674E+002
 3.01294483241355124E+002
 3.01370608074532527E+002
 3.01446123213502915E+002
 1.00000000000000004E+036
 1.00000000000000004E+036
 1.00000000000000004E+036
 1.00000000000000004E+036
 1.00000000000000004E+036
 1.00000000000000004E+036
 1.00000000000000004E+036
 1.00000000000000004E+036
 1.00000000000000004E+036
 1.00000000000000004E+036
 1.00000000000000004E+036
 1.00000000000000004E+036
 1.00000000000000004E+036
 1.00000000000000004E+036
 1.00000000000000004E+036
 1.00000000000000004E+036
 1.00000000000000004E+036
 1.00000000000000004E+036
 1.00000000000000004E+036
 1.00000000000000004E+036
 1.00000000000000004E+036
 1.00000000000000004E+036
 1.00000000000000004E+036
 1.00000000000000004E+036
 1.00000000000000004E+036
 1.00000000000000004E+036
 1.00000000000000004E+036
 1.00000000000000004E+036
 1.00000000000000004E+036
 1.00000000000000004E+036
 1.00000000000000004E+036
 1.00000000000000004E+036
 1.00000000000000004E+036
 1.00000000000000004E+036
 1.00000000000000004E+036
 1.00000000000000004E+036
 1.00000000000000004E+036
 1.00000000000000004E+036
 1.00000000000000004E+036
 1.00000000000000004E+036
 1.00000000000000004E+036
 1.00000000000000004E+036
 1.00000000000000004E+036
 1.00000000000000004E+036
 1.00000000000000004E+036
 1.00000000000000004E+036
 1.00000000000000004E+036
 1.00000000000000004E+036
 1.00000000000000004E+036
 1.00000000000000004E+036
 1.00000000000000004E+036
 1.00000000000000004E+036
 1.00000000000000004E+036
 1.00000000000000004E+036
# INPUT: mlcanopy_inst__tg_bef_soil(1)
 3.00884369548608106E+002
# INPUT: mlcanopy_inst__tg_soil(1)
 3.00852978417272368E+002
# INPUT: mlcanopy_inst__tref_forcing(1)
 3.01258239746093750E+002
# INPUT: clm_varcon__hsub
 2.83470000000000000E+006
# INPUT: clm_varcon__hvap
 2.50100000000000000E+006
# INPUT: mlclm_varcon__mmh2o
 1.80200000000000013E-002
# OUTPUT: mlcanopy_inst__eg_soil(1)
 3.70004278160071408E+003
# OUTPUT: mlcanopy_inst__etsoi_soil(1)
 3.56642847525771628E-004
# OUTPUT: mlcanopy_inst__gsoi_soil(1)
 2.40929774725434847E+001
# OUTPUT: mlcanopy_inst__lhsoi_soil(1)
 1.60731869851484284E+001
# OUTPUT: mlcanopy_inst__shsoi_soil(1)
 1.21740058122313943E+000
# OUTPUT: mlcanopy_inst__tg_soil(1)
 3.00852143122216319E+002
