# PROBE mlsoilfluxesmod.soilfluxes_flat: call=2
# p = 1
# np_ = 1
# INPUT: mlcanopy_inst__cpair_forcing(1)
 2.91492381287447984E+001
# INPUT: mlcanopy_inst__eair_profile(1,100)
 1.03361450667461554E+003
 1.02381434198440911E+003
 1.01775182185054257E+003
 1.01434152174647750E+003
 1.01273656987600964E+003
 1.01228144953393019E+003
 1.01247084063705279E+003
 1.01291416101647349E+003
 1.01331296633740783E+003
 1.01341746823079222E+003
 1.01302043417415598E+003
 1.01197108337595250E+003
 1.01011531523227723E+003
 1.00734486753776514E+003
 1.00356194820119845E+003
 9.98683946197788032E+002
 9.92680877664420791E+002
 9.85562500491037667E+002
 9.77432222963149798E+002
 9.68534978168017687E+002
 9.59396554876782261E+002
 9.51373327398922356E+002
 9.44017339266357681E+002
 9.37162789466072240E+002
 9.30708281782793506E+002
 9.24585098472311415E+002
 9.18746248105832478E+002
 9.13154253160022336E+002
 9.07782044429632947E+002
 9.02606786036588574E+002
 8.97609128486440341E+002
 8.92774107510324598E+002
 8.88087324408783843E+002
 8.83537723755484421E+002
 8.79114974956846027E+002
 8.74809099896149860E+002
 8.70613036325114990E+002
 8.66518159177999109E+002
 8.62518517580656066E+002
 8.58608079932898818E+002
 8.54779916356692070E+002
 8.51029610820649395E+002
 8.47352047541801198E+002
 8.43742583423655446E+002
 8.40196983320064987E+002
 8.36711273292361852E+002
 1.00000000000000004E+036
 1.00000000000000004E+036
 1.00000000000000004E+036
 1.00000000000000004E+036
 1.00000000000000004E+036
 1.00000000000000004E+036
 1.00000000000000004E+036
 1.00000000000000004E+036
 1.00000000000000004E+036
 1.00000000000000004E+036
 1.00000000000000004E+036
 1.00000000000000004E+036
 1.00000000000000004E+036
 1.00000000000000004E+036
 1.00000000000000004E+036
 1.00000000000000004E+036
 1.00000000000000004E+036
 1.00000000000000004E+036
 1.00000000000000004E+036
 1.00000000000000004E+036
 1.00000000000000004E+036
 1.00000000000000004E+036
 1.00000000000000004E+036
 1.00000000000000004E+036
 1.00000000000000004E+036
 1.00000000000000004E+036
 1.00000000000000004E+036
 1.00000000000000004E+036
 1.00000000000000004E+036
 1.00000000000000004E+036
 1.00000000000000004E+036
 1.00000000000000004E+036
 1.00000000000000004E+036
 1.00000000000000004E+036
 1.00000000000000004E+036
 1.00000000000000004E+036
 1.00000000000000004E+036
 1.00000000000000004E+036
 1.00000000000000004E+036
 1.00000000000000004E+036
 1.00000000000000004E+036
 1.00000000000000004E+036
 1.00000000000000004E+036
 1.00000000000000004E+036
 1.00000000000000004E+036
 1.00000000000000004E+036
 1.00000000000000004E+036
 1.00000000000000004E+036
 1.00000000000000004E+036
 1.00000000000000004E+036
 1.00000000000000004E+036
 1.00000000000000004E+036
 1.00000000000000004E+036
 1.00000000000000004E+036
# INPUT: mlcanopy_inst__eg_soil(1)
 3.78771058300964751E+003
# INPUT: mlcanopy_inst__etsoi_soil(1)
 5.58089980844161970E-004
# INPUT: mlcanopy_inst__gac0_soil(1)
 8.03763281459432266E-002
# INPUT: mlcanopy_inst__gsoi_soil(1)
 4.17476451167569778E+001
# INPUT: mlcanopy_inst__lhsoi_soil(1)
 2.51520104184843092E+001
# INPUT: mlcanopy_inst__pref_forcing(1)
 1.00769296875000000E+005
# INPUT: mlcanopy_inst__rhg_soil(1)
 9.95462413944631197E-001
# INPUT: mlcanopy_inst__rhomol_forcing(1)
 4.01881640729716167E+001
# INPUT: mlcanopy_inst__rnsoi_soil(1)
 6.51784868853133617E+001
# INPUT: mlcanopy_inst__shsoi_soil(1)
 3.39920152864208180E-001
# INPUT: mlcanopy_inst__soil_dz_soil(1)
 1.00000000000000002E-002
# INPUT: mlcanopy_inst__soil_t_soil(1)
 3.00623687744140625E+002
# INPUT: mlcanopy_inst__soil_tk_soil(1)
 6.60607311783409590E-001
# INPUT: mlcanopy_inst__soilres_soil(1)
 1.48388869602942032E+003
# INPUT: mlcanopy_inst__tair_profile(1,100)
 3.01065920373556139E+002
 3.01055015107938402E+002
 3.01036550424556651E+002
 3.01012462497603906E+002
 3.00984642604057967E+002
 3.00954824696605101E+002
 3.00924445629045977E+002
 3.00894755553789423E+002
 3.00866736049439680E+002
 3.00841525288392575E+002
 3.00820316449624102E+002
 3.00803962230833008E+002
 3.00793741609689619E+002
 3.00790585853809887E+002
 3.00795529748029765E+002
 3.00809632972684028E+002
 3.00833484489790123E+002
 3.00867426633936020E+002
 3.00910943541324798E+002
 3.00962373115432968E+002
 3.01017624756037605E+002
 3.01066286206196992E+002
 3.01111043828266077E+002
 3.01152886719951027E+002
 3.01192418657498536E+002
 3.01230048174277499E+002
 3.01266053604947047E+002
 3.01300656966011218E+002
 3.01334017690014434E+002
 3.01366270277561796E+002
 3.01397528654793177E+002
 3.01427880267607406E+002
 3.01457409787536221E+002
 3.01486181528025895E+002
 3.01514255781240252E+002
 3.01541691146606183E+002
 3.01568528124716920E+002
 3.01594817607744631E+002
 3.01620593742812616E+002
 3.01645891506745329E+002
 3.01670752036066688E+002
 3.01695200484604811E+002
 3.01719266813147556E+002
 3.01742978166718331E+002
 3.01766359262354285E+002
 3.01789433326835308E+002
 1.00000000000000004E+036
 1.00000000000000004E+036
 1.00000000000000004E+036
 1.00000000000000004E+036
 1.00000000000000004E+036
 1.00000000000000004E+036
 1.00000000000000004E+036
 1.00000000000000004E+036
 1.00000000000000004E+036
 1.00000000000000004E+036
 1.00000000000000004E+036
 1.00000000000000004E+036
 1.00000000000000004E+036
 1.00000000000000004E+036
 1.00000000000000004E+036
 1.00000000000000004E+036
 1.00000000000000004E+036
 1.00000000000000004E+036
 1.00000000000000004E+036
 1.00000000000000004E+036
 1.00000000000000004E+036
 1.00000000000000004E+036
 1.00000000000000004E+036
 1.00000000000000004E+036
 1.00000000000000004E+036
 1.00000000000000004E+036
 1.00000000000000004E+036
 1.00000000000000004E+036
 1.00000000000000004E+036
 1.00000000000000004E+036
 1.00000000000000004E+036
 1.00000000000000004E+036
 1.00000000000000004E+036
 1.00000000000000004E+036
 1.00000000000000004E+036
 1.00000000000000004E+036
 1.00000000000000004E+036
 1.00000000000000004E+036
 1.00000000000000004E+036
 1.00000000000000004E+036
 1.00000000000000004E+036
 1.00000000000000004E+036
 1.00000000000000004E+036
 1.00000000000000004E+036
 1.00000000000000004E+036
 1.00000000000000004E+036
 1.00000000000000004E+036
 1.00000000000000004E+036
 1.00000000000000004E+036
 1.00000000000000004E+036
 1.00000000000000004E+036
 1.00000000000000004E+036
 1.00000000000000004E+036
 1.00000000000000004E+036
# INPUT: mlcanopy_inst__tg_bef_soil(1)
 3.01575469970703125E+002
# INPUT: mlcanopy_inst__tg_soil(1)
 3.01415558141726592E+002
# INPUT: mlcanopy_inst__tref_forcing(1)
 3.01575469970703125E+002
# INPUT: clm_varcon__hsub
 2.83470000000000000E+006
# INPUT: clm_varcon__hvap
 2.50100000000000000E+006
# INPUT: mlclm_varcon__mmh2o
 1.80200000000000013E-002
# OUTPUT: mlcanopy_inst__eg_soil(1)
 3.78145500901492551E+003
# OUTPUT: mlcanopy_inst__etsoi_soil(1)
 5.52387899118469018E-004
# OUTPUT: mlcanopy_inst__gsoi_soil(1)
 3.99043226820393713E+001
# OUTPUT: mlcanopy_inst__lhsoi_soil(1)
 2.48950288852291486E+001
# OUTPUT: mlcanopy_inst__shsoi_soil(1)
 3.79135318042881198E-001
# OUTPUT: mlcanopy_inst__tg_soil(1)
 3.01227742860853027E+002
