# PROBE mlsoiltemperaturemod.soiltemperature_flat: call=379
# num_nolakec = 1
# np_ = 1
# INPUT: filter_nolakec(1)
1
# INPUT: bounds__begc
1
# INPUT: bounds__endc
1
# INPUT: col__dz(1,37)
 1.00000000000000004E+036
 1.00000000000000004E+036
 1.00000000000000004E+036
 1.00000000000000004E+036
 1.00000000000000004E+036
 1.00000000000000004E+036
 1.00000000000000004E+036
 1.00000000000000004E+036
 1.00000000000000004E+036
 1.00000000000000004E+036
 1.00000000000000004E+036
 1.00000000000000004E+036
 2.00000000000000004E-002
 4.00000000000000008E-002
 5.99999999999999978E-002
 8.00000000000000017E-002
 1.19999999999999996E-001
 1.60000000000000003E-001
 2.00000000000000011E-001
 2.39999999999999991E-001
 2.80000000000000027E-001
 3.20000000000000007E-001
 3.60000000000000042E-001
 4.00000000000000022E-001
 4.40000000000000002E-001
 5.40000000000000036E-001
 6.40000000000000013E-001
 7.39999999999999991E-001
 8.40000000000000080E-001
 9.39999999999999947E-001
 1.04000000000000004E+000
 1.14000000000000012E+000
 2.39000000000000012E+000
 4.67553390593273832E+000
 7.63519052838329060E+000
 1.11400000000000006E+001
 1.51154248593736860E+001
# INPUT: col__nbedrock(1)
12
# INPUT: col__snl(1)
0
# INPUT: col__z(1,37)
 1.00000000000000004E+036
 1.00000000000000004E+036
 1.00000000000000004E+036
 1.00000000000000004E+036
 1.00000000000000004E+036
 1.00000000000000004E+036
 1.00000000000000004E+036
 1.00000000000000004E+036
 1.00000000000000004E+036
 1.00000000000000004E+036
 1.00000000000000004E+036
 1.00000000000000004E+036
 1.00000000000000002E-002
 4.00000000000000008E-002
 8.99999999999999967E-002
 1.60000000000000003E-001
 2.60000000000000009E-001
 4.00000000000000022E-001
 5.79999999999999960E-001
 7.99999999999999933E-001
 1.06000000000000005E+000
 1.35999999999999988E+000
 1.70000000000000018E+000
 2.08000000000000007E+000
 2.50000000000000000E+000
 2.99000000000000021E+000
 3.58000000000000007E+000
 4.27000000000000046E+000
 5.06000000000000050E+000
 5.95000000000000018E+000
 6.93999999999999950E+000
 8.02999999999999936E+000
 9.79499999999999993E+000
 1.33277669529663694E+001
 1.94831291701243856E+001
 2.88707244343160312E+001
 4.19984368640028691E+001
# INPUT: col__zi(1,38)
 1.00000000000000004E+036
 1.00000000000000004E+036
 1.00000000000000004E+036
 1.00000000000000004E+036
 1.00000000000000004E+036
 1.00000000000000004E+036
 1.00000000000000004E+036
 1.00000000000000004E+036
 1.00000000000000004E+036
 1.00000000000000004E+036
 1.00000000000000004E+036
 1.00000000000000004E+036
 0.00000000000000000E+000
 2.00000000000000004E-002
 5.99999999999999978E-002
 1.19999999999999996E-001
 2.00000000000000011E-001
 3.20000000000000007E-001
 4.79999999999999982E-001
 6.79999999999999938E-001
 9.19999999999999929E-001
 1.19999999999999996E+000
 1.52000000000000002E+000
 1.88000000000000012E+000
 2.28000000000000025E+000
 2.72000000000000020E+000
 3.26000000000000023E+000
 3.90000000000000036E+000
 4.64000000000000057E+000
 5.48000000000000043E+000
 6.41999999999999993E+000
 7.45999999999999996E+000
 8.59999999999999964E+000
 1.09900000000000002E+001
 1.56655339059327385E+001
 2.33007244343160309E+001
 3.44407244343160315E+001
 4.95561492936897139E+001
# INPUT: mlcanopy_inst__gsoi_soil(1)
 9.19257596980026932E+001
# INPUT: soilstate_inst__csol_col(1,25)
 2.39408547008547047E+006
 2.39408547008547047E+006
 2.39408547008547047E+006
 2.39408547008547047E+006
 2.39408547008547047E+006
 2.39408547008547047E+006
 2.32788888888888899E+006
 2.32788888888888899E+006
 2.32788888888888899E+006
 2.32788888888888899E+006
 2.32788888888888899E+006
 2.32788888888888899E+006
 2.32788888888888899E+006
 2.32788888888888899E+006
 2.32788888888888899E+006
 2.32788888888888899E+006
 2.32788888888888899E+006
 2.32788888888888899E+006
 2.32788888888888899E+006
 2.32788888888888899E+006
 2.00000000000000000E+006
 2.00000000000000000E+006
 2.00000000000000000E+006
 2.00000000000000000E+006
 2.00000000000000000E+006
# INPUT: soilstate_inst__thk_col(1,37)
 1.00000000000000004E+036
 1.00000000000000004E+036
 1.00000000000000004E+036
 1.00000000000000004E+036
 1.00000000000000004E+036
 1.00000000000000004E+036
 1.00000000000000004E+036
 1.00000000000000004E+036
 1.00000000000000004E+036
 1.00000000000000004E+036
 1.00000000000000004E+036
 1.00000000000000004E+036
 6.23264911465509885E-001
 6.36938385176381461E-001
 6.47097192482121497E-001
 8.17339535986275179E-001
 8.29970515902845207E-001
 8.59728640403468747E-001
 1.52803950439767333E+000
 1.52596030706995700E+000
 1.53665349206145274E+000
 1.49709398394297644E+000
 1.50787602043229962E+000
 1.51988890817412847E+000
 3.00000000000000000E+000
 3.00000000000000000E+000
 3.00000000000000000E+000
 3.00000000000000000E+000
 3.00000000000000000E+000
 3.00000000000000000E+000
 3.00000000000000000E+000
 3.00000000000000000E+000
 3.00000000000000000E+000
 3.00000000000000000E+000
 3.00000000000000000E+000
 3.00000000000000000E+000
 3.00000000000000000E+000
# INPUT: soilstate_inst__tkdry_col(1,25)
 8.47605947777060331E-002
 8.52631423482249490E-002
 8.61080859697007372E-002
 8.73067290787974959E-002
 8.90516787788899339E-002
 9.15613189133329258E-002
 1.87739388617379904E-001
 1.87739388617379904E-001
 1.87739388617379904E-001
 1.87739388617379904E-001
 1.87739388617379904E-001
 1.87739388617379904E-001
 1.87739388617379904E-001
 1.87739388617379904E-001
 1.87739388617379904E-001
 1.87739388617379904E-001
 1.87739388617379904E-001
 1.87739388617379904E-001
 1.87739388617379904E-001
 1.87739388617379904E-001
 2.99930118798043521E+000
 2.99930118798043521E+000
 2.99930118798043521E+000
 2.99930118798043521E+000
 2.99930118798043521E+000
# INPUT: soilstate_inst__tkmg_col(1,25)
 1.41507243290422591E+000
 1.41831624717297422E+000
 1.42373913691614740E+000
 1.43136603385569838E+000
 1.44233252931060263E+000
 1.45782692133818426E+000
 2.12702479317208937E+000
 2.12702479317208937E+000
 2.12702479317208937E+000
 2.12702479317208937E+000
 2.12702479317208937E+000
 2.12702479317208937E+000
 2.12702479317208937E+000
 2.12702479317208937E+000
 2.12702479317208937E+000
 2.12702479317208937E+000
 2.12702479317208937E+000
 2.12702479317208937E+000
 2.12702479317208937E+000
 2.12702479317208937E+000
 3.00000000000000000E+000
 3.00000000000000000E+000
 3.00000000000000000E+000
 3.00000000000000000E+000
 3.00000000000000000E+000
# INPUT: soilstate_inst__watsat_col(1,25)
 6.50092307692307747E-001
 6.47784615384615403E-001
 6.43938461538461571E-001
 6.38553846153846250E-001
 6.30861538461538585E-001
 6.20092307692307720E-001
 4.76399999999999990E-001
 4.76399999999999990E-001
 4.76399999999999990E-001
 4.76399999999999990E-001
 4.76399999999999990E-001
 4.76399999999999990E-001
 4.76399999999999990E-001
 4.76399999999999990E-001
 4.76399999999999990E-001
 4.76399999999999990E-001
 4.76399999999999990E-001
 4.76399999999999990E-001
 4.76399999999999990E-001
 4.76399999999999990E-001
 4.76399999999999990E-001
 4.76399999999999990E-001
 4.76399999999999990E-001
 4.76399999999999990E-001
 4.76399999999999990E-001
# INPUT: temperature_inst__t_soisno_col(1,37)
 1.00000000000000004E+036
 1.00000000000000004E+036
 1.00000000000000004E+036
 1.00000000000000004E+036
 1.00000000000000004E+036
 1.00000000000000004E+036
 1.00000000000000004E+036
 1.00000000000000004E+036
 1.00000000000000004E+036
 1.00000000000000004E+036
 1.00000000000000004E+036
 1.00000000000000004E+036
 3.05844591681929273E+002
 3.01609660323972889E+002
 2.96785008470317791E+002
 2.93748489930751305E+002
 2.92131764228509155E+002
 2.90371197329532606E+002
 2.88974293993430763E+002
 2.88121838594483847E+002
 2.87446076150643876E+002
 2.86840550680916351E+002
 2.86273661471120704E+002
 2.85786108841600935E+002
 2.85498068245848515E+002
 2.85319053798975972E+002
 2.85160015529842951E+002
 2.85028383439941763E+002
 2.84924612556209638E+002
 2.84842560877887195E+002
 2.84767350356677696E+002
 2.84675858301222320E+002
 2.84478338873182565E+002
 2.83794720280985530E+002
 2.82267480577082893E+002
 2.80343104402964173E+002
 2.78678790780195015E+002
# INPUT: water_inst__h2osno_col(1)
 0.00000000000000000E+000
# INPUT: waterdiagnosticbulk_inst__bw_col(1,12)
 1.00000000000000004E+036
 1.00000000000000004E+036
 1.00000000000000004E+036
 1.00000000000000004E+036
 1.00000000000000004E+036
 1.00000000000000004E+036
 1.00000000000000004E+036
 1.00000000000000004E+036
 1.00000000000000004E+036
 1.00000000000000004E+036
 1.00000000000000004E+036
 1.00000000000000004E+036
# INPUT: waterdiagnosticbulk_inst__frac_sno_eff_col(1)
 0.00000000000000000E+000
# INPUT: waterstatebulk_inst__h2osfc_col(1)
 0.00000000000000000E+000
# INPUT: waterstatebulk_inst__h2osoi_ice_col(1,37)
 1.00000000000000004E+036
 1.00000000000000004E+036
 1.00000000000000004E+036
 1.00000000000000004E+036
 1.00000000000000004E+036
 1.00000000000000004E+036
 1.00000000000000004E+036
 1.00000000000000004E+036
 1.00000000000000004E+036
 1.00000000000000004E+036
 1.00000000000000004E+036
 1.00000000000000004E+036
 0.00000000000000000E+000
 0.00000000000000000E+000
 0.00000000000000000E+000
 0.00000000000000000E+000
 0.00000000000000000E+000
 0.00000000000000000E+000
 0.00000000000000000E+000
 0.00000000000000000E+000
 0.00000000000000000E+000
 0.00000000000000000E+000
 0.00000000000000000E+000
 0.00000000000000000E+000
 0.00000000000000000E+000
 0.00000000000000000E+000
 0.00000000000000000E+000
 0.00000000000000000E+000
 0.00000000000000000E+000
 0.00000000000000000E+000
 0.00000000000000000E+000
 0.00000000000000000E+000
 0.00000000000000000E+000
 0.00000000000000000E+000
 0.00000000000000000E+000
 0.00000000000000000E+000
 0.00000000000000000E+000
# INPUT: waterstatebulk_inst__h2osoi_liq_col(1,37)
 1.00000000000000004E+036
 1.00000000000000004E+036
 1.00000000000000004E+036
 1.00000000000000004E+036
 1.00000000000000004E+036
 1.00000000000000004E+036
 1.00000000000000004E+036
 1.00000000000000004E+036
 1.00000000000000004E+036
 1.00000000000000004E+036
 1.00000000000000004E+036
 1.00000000000000004E+036
 5.17892478775614595E+000
 1.06252463483364608E+001
 1.60955028096599584E+001
 3.22425389289855957E+001
 4.80995643138885498E+001
 6.54928445816040039E+001
 8.12906920909881592E+001
 9.72249555587768413E+001
 1.15385851860046387E+002
 1.23783998489379897E+002
 1.41679419279098511E+002
 1.60475599765777616E+002
 3.00000008428469300E-002
 3.00000003335299005E-002
 3.00000002607703209E-002
 3.00000001880107448E-002
 2.99999996786937152E-002
 2.99999994604149833E-002
 3.00000004062894732E-002
 2.99999994604149868E-002
 0.00000000000000000E+000
 0.00000000000000000E+000
 0.00000000000000000E+000
 0.00000000000000000E+000
 0.00000000000000000E+000
# INPUT: clm_time_manager__dtstep
1800
# INPUT: clm_varcon__cpice
 2.11726999999999998E+003
# INPUT: clm_varcon__cpliq
 4.18800000000000000E+003
# INPUT: clm_varcon__csol_bedrock
 2.00000000000000000E+006
# INPUT: clm_varcon__denh2o
 1.00000000000000000E+003
# INPUT: clm_varcon__denice
 9.17000000000000000E+002
# INPUT: clm_varcon__thk_bedrock
 3.00000000000000000E+000
# INPUT: clm_varcon__tkair
 2.29999999999999996E-002
# INPUT: clm_varcon__tkice
 2.29000000000000004E+000
# INPUT: clm_varcon__tkwat
 5.69999999999999951E-001
# INPUT: clm_varpar__nlevgrnd
25
# INPUT: clm_varpar__nlevsno
12
# OUTPUT: soilstate_inst__thk_col(1,37)
 1.00000000000000004E+036
 1.00000000000000004E+036
 1.00000000000000004E+036
 1.00000000000000004E+036
 1.00000000000000004E+036
 1.00000000000000004E+036
 1.00000000000000004E+036
 1.00000000000000004E+036
 1.00000000000000004E+036
 1.00000000000000004E+036
 1.00000000000000004E+036
 1.00000000000000004E+036
 6.23264911465509885E-001
 6.36938385176381461E-001
 6.47097192482121497E-001
 8.17339535986275179E-001
 8.29970515902845207E-001
 8.59728640403468747E-001
 1.52803950439767333E+000
 1.52596030706995700E+000
 1.53665349206145274E+000
 1.49709398394297644E+000
 1.50787602043229962E+000
 1.51988890817412847E+000
 3.00000000000000000E+000
 3.00000000000000000E+000
 3.00000000000000000E+000
 3.00000000000000000E+000
 3.00000000000000000E+000
 3.00000000000000000E+000
 3.00000000000000000E+000
 3.00000000000000000E+000
 3.00000000000000000E+000
 3.00000000000000000E+000
 3.00000000000000000E+000
 3.00000000000000000E+000
 3.00000000000000000E+000
# OUTPUT: temperature_inst__t_soisno_col(1,37)
 1.00000000000000004E+036
 1.00000000000000004E+036
 1.00000000000000004E+036
 1.00000000000000004E+036
 1.00000000000000004E+036
 1.00000000000000004E+036
 1.00000000000000004E+036
 1.00000000000000004E+036
 1.00000000000000004E+036
 1.00000000000000004E+036
 1.00000000000000004E+036
 1.00000000000000004E+036
 3.06160478203969433E+002
 3.02119171561764915E+002
 2.97217431815747943E+002
 2.93924341586809589E+002
 2.92154389472468154E+002
 2.90379450906981390E+002
 2.88983126698447563E+002
 2.88126840986754075E+002
 2.87448117807314361E+002
 2.86841654480160685E+002
 2.86274643014767321E+002
 2.85786941985561043E+002
 2.85498701592577788E+002
 2.85319533026086560E+002
 2.85160348245080456E+002
 2.85028600418225835E+002
 2.84924738520056167E+002
 2.84842607535689012E+002
 2.84767329739860600E+002
 2.84675792117438618E+002
 2.84478246726262398E+002
 2.83794688741136042E+002
 2.82267495824270156E+002
 2.80343123359345611E+002
 2.78678813426041302E+002
# OUTPUT: waterdiagnosticbulk_inst__bw_col(1,12)
 1.00000000000000004E+036
 1.00000000000000004E+036
 1.00000000000000004E+036
 1.00000000000000004E+036
 1.00000000000000004E+036
 1.00000000000000004E+036
 1.00000000000000004E+036
 1.00000000000000004E+036
 1.00000000000000004E+036
 1.00000000000000004E+036
 1.00000000000000004E+036
 1.00000000000000004E+036
