# PROBE mlsoiltemperaturemod.soiltemperature_flat: call=602
# num_nolakec = 1
# np_ = 1
# INPUT: filter_nolakec(1)
1
# INPUT: bounds__begc
1
# INPUT: bounds__endc
1
# INPUT: col__dz(1,37)
 1.00000000000000004E+036
 1.00000000000000004E+036
 1.00000000000000004E+036
 1.00000000000000004E+036
 1.00000000000000004E+036
 1.00000000000000004E+036
 1.00000000000000004E+036
 1.00000000000000004E+036
 1.00000000000000004E+036
 1.00000000000000004E+036
 1.00000000000000004E+036
 1.00000000000000004E+036
 2.00000000000000004E-002
 4.00000000000000008E-002
 5.99999999999999978E-002
 8.00000000000000017E-002
 1.19999999999999996E-001
 1.60000000000000003E-001
 2.00000000000000011E-001
 2.39999999999999991E-001
 2.80000000000000027E-001
 3.20000000000000007E-001
 3.60000000000000042E-001
 4.00000000000000022E-001
 4.40000000000000002E-001
 5.40000000000000036E-001
 6.40000000000000013E-001
 7.39999999999999991E-001
 8.40000000000000080E-001
 9.39999999999999947E-001
 1.04000000000000004E+000
 1.14000000000000012E+000
 2.39000000000000012E+000
 4.67553390593273832E+000
 7.63519052838329060E+000
 1.11400000000000006E+001
 1.51154248593736860E+001
# INPUT: col__nbedrock(1)
12
# INPUT: col__snl(1)
0
# INPUT: col__z(1,37)
 1.00000000000000004E+036
 1.00000000000000004E+036
 1.00000000000000004E+036
 1.00000000000000004E+036
 1.00000000000000004E+036
 1.00000000000000004E+036
 1.00000000000000004E+036
 1.00000000000000004E+036
 1.00000000000000004E+036
 1.00000000000000004E+036
 1.00000000000000004E+036
 1.00000000000000004E+036
 1.00000000000000002E-002
 4.00000000000000008E-002
 8.99999999999999967E-002
 1.60000000000000003E-001
 2.60000000000000009E-001
 4.00000000000000022E-001
 5.79999999999999960E-001
 7.99999999999999933E-001
 1.06000000000000005E+000
 1.35999999999999988E+000
 1.70000000000000018E+000
 2.08000000000000007E+000
 2.50000000000000000E+000
 2.99000000000000021E+000
 3.58000000000000007E+000
 4.27000000000000046E+000
 5.06000000000000050E+000
 5.95000000000000018E+000
 6.93999999999999950E+000
 8.02999999999999936E+000
 9.79499999999999993E+000
 1.33277669529663694E+001
 1.94831291701243856E+001
 2.88707244343160312E+001
 4.19984368640028691E+001
# INPUT: col__zi(1,38)
 1.00000000000000004E+036
 1.00000000000000004E+036
 1.00000000000000004E+036
 1.00000000000000004E+036
 1.00000000000000004E+036
 1.00000000000000004E+036
 1.00000000000000004E+036
 1.00000000000000004E+036
 1.00000000000000004E+036
 1.00000000000000004E+036
 1.00000000000000004E+036
 1.00000000000000004E+036
 0.00000000000000000E+000
 2.00000000000000004E-002
 5.99999999999999978E-002
 1.19999999999999996E-001
 2.00000000000000011E-001
 3.20000000000000007E-001
 4.79999999999999982E-001
 6.79999999999999938E-001
 9.19999999999999929E-001
 1.19999999999999996E+000
 1.52000000000000002E+000
 1.88000000000000012E+000
 2.28000000000000025E+000
 2.72000000000000020E+000
 3.26000000000000023E+000
 3.90000000000000036E+000
 4.64000000000000057E+000
 5.48000000000000043E+000
 6.41999999999999993E+000
 7.45999999999999996E+000
 8.59999999999999964E+000
 1.09900000000000002E+001
 1.56655339059327385E+001
 2.33007244343160309E+001
 3.44407244343160315E+001
 4.95561492936897139E+001
# INPUT: mlcanopy_inst__gsoi_soil(1)
-3.93287802372019542E+001
# INPUT: soilstate_inst__csol_col(1,25)
 2.39408547008547047E+006
 2.39408547008547047E+006
 2.39408547008547047E+006
 2.39408547008547047E+006
 2.39408547008547047E+006
 2.39408547008547047E+006
 2.32788888888888899E+006
 2.32788888888888899E+006
 2.32788888888888899E+006
 2.32788888888888899E+006
 2.32788888888888899E+006
 2.32788888888888899E+006
 2.32788888888888899E+006
 2.32788888888888899E+006
 2.32788888888888899E+006
 2.32788888888888899E+006
 2.32788888888888899E+006
 2.32788888888888899E+006
 2.32788888888888899E+006
 2.32788888888888899E+006
 2.00000000000000000E+006
 2.00000000000000000E+006
 2.00000000000000000E+006
 2.00000000000000000E+006
 2.00000000000000000E+006
# INPUT: soilstate_inst__thk_col(1,37)
 1.00000000000000004E+036
 1.00000000000000004E+036
 1.00000000000000004E+036
 1.00000000000000004E+036
 1.00000000000000004E+036
 1.00000000000000004E+036
 1.00000000000000004E+036
 1.00000000000000004E+036
 1.00000000000000004E+036
 1.00000000000000004E+036
 1.00000000000000004E+036
 1.00000000000000004E+036
 5.39097269420200531E-001
 5.49345406740706310E-001
 5.57713760333844566E-001
 8.08037528921928927E-001
 8.20333715116662532E-001
 8.50348467086847082E-001
 1.51510818665862668E+000
 1.51530602330496222E+000
 1.52808190624203633E+000
 1.48956460985827910E+000
 1.50069830384003744E+000
 1.51225779158917351E+000
 3.00000000000000000E+000
 3.00000000000000000E+000
 3.00000000000000000E+000
 3.00000000000000000E+000
 3.00000000000000000E+000
 3.00000000000000000E+000
 3.00000000000000000E+000
 3.00000000000000000E+000
 3.00000000000000000E+000
 3.00000000000000000E+000
 3.00000000000000000E+000
 3.00000000000000000E+000
 3.00000000000000000E+000
# INPUT: soilstate_inst__tkdry_col(1,25)
 8.47605947777060331E-002
 8.52631423482249490E-002
 8.61080859697007372E-002
 8.73067290787974959E-002
 8.90516787788899339E-002
 9.15613189133329258E-002
 1.87739388617379904E-001
 1.87739388617379904E-001
 1.87739388617379904E-001
 1.87739388617379904E-001
 1.87739388617379904E-001
 1.87739388617379904E-001
 1.87739388617379904E-001
 1.87739388617379904E-001
 1.87739388617379904E-001
 1.87739388617379904E-001
 1.87739388617379904E-001
 1.87739388617379904E-001
 1.87739388617379904E-001
 1.87739388617379904E-001
 2.99930118798043521E+000
 2.99930118798043521E+000
 2.99930118798043521E+000
 2.99930118798043521E+000
 2.99930118798043521E+000
# INPUT: soilstate_inst__tkmg_col(1,25)
 1.41507243290422591E+000
 1.41831624717297422E+000
 1.42373913691614740E+000
 1.43136603385569838E+000
 1.44233252931060263E+000
 1.45782692133818426E+000
 2.12702479317208937E+000
 2.12702479317208937E+000
 2.12702479317208937E+000
 2.12702479317208937E+000
 2.12702479317208937E+000
 2.12702479317208937E+000
 2.12702479317208937E+000
 2.12702479317208937E+000
 2.12702479317208937E+000
 2.12702479317208937E+000
 2.12702479317208937E+000
 2.12702479317208937E+000
 2.12702479317208937E+000
 2.12702479317208937E+000
 3.00000000000000000E+000
 3.00000000000000000E+000
 3.00000000000000000E+000
 3.00000000000000000E+000
 3.00000000000000000E+000
# INPUT: soilstate_inst__watsat_col(1,25)
 6.50092307692307747E-001
 6.47784615384615403E-001
 6.43938461538461571E-001
 6.38553846153846250E-001
 6.30861538461538585E-001
 6.20092307692307720E-001
 4.76399999999999990E-001
 4.76399999999999990E-001
 4.76399999999999990E-001
 4.76399999999999990E-001
 4.76399999999999990E-001
 4.76399999999999990E-001
 4.76399999999999990E-001
 4.76399999999999990E-001
 4.76399999999999990E-001
 4.76399999999999990E-001
 4.76399999999999990E-001
 4.76399999999999990E-001
 4.76399999999999990E-001
 4.76399999999999990E-001
 4.76399999999999990E-001
 4.76399999999999990E-001
 4.76399999999999990E-001
 4.76399999999999990E-001
 4.76399999999999990E-001
# INPUT: temperature_inst__t_soisno_col(1,37)
 1.00000000000000004E+036
 1.00000000000000004E+036
 1.00000000000000004E+036
 1.00000000000000004E+036
 1.00000000000000004E+036
 1.00000000000000004E+036
 1.00000000000000004E+036
 1.00000000000000004E+036
 1.00000000000000004E+036
 1.00000000000000004E+036
 1.00000000000000004E+036
 1.00000000000000004E+036
 2.85471672079878999E+002
 2.87414900241253292E+002
 2.89810841786116100E+002
 2.91413859320270205E+002
 2.91630770145134591E+002
 2.90810380313451333E+002
 2.89889747000941327E+002
 2.89046406945248293E+002
 2.88135492563450782E+002
 2.87281404899653353E+002
 2.86557468363155294E+002
 2.85981417213934151E+002
 2.85643776856296768E+002
 2.85432106211918267E+002
 2.85241056947668881E+002
 2.85081595032213954E+002
 2.84955277387936519E+002
 2.84854669323113683E+002
 2.84764412348135011E+002
 2.84662639912331144E+002
 2.84458688045909014E+002
 2.83787563253613371E+002
 2.82270817526802489E+002
 2.80347330870767848E+002
 2.78683839561753132E+002
# INPUT: water_inst__h2osno_col(1)
 0.00000000000000000E+000
# INPUT: waterdiagnosticbulk_inst__bw_col(1,12)
 1.00000000000000004E+036
 1.00000000000000004E+036
 1.00000000000000004E+036
 1.00000000000000004E+036
 1.00000000000000004E+036
 1.00000000000000004E+036
 1.00000000000000004E+036
 1.00000000000000004E+036
 1.00000000000000004E+036
 1.00000000000000004E+036
 1.00000000000000004E+036
 1.00000000000000004E+036
# INPUT: waterdiagnosticbulk_inst__frac_sno_eff_col(1)
 0.00000000000000000E+000
# INPUT: waterstatebulk_inst__h2osfc_col(1)
 0.00000000000000000E+000
# INPUT: waterstatebulk_inst__h2osoi_ice_col(1,37)
 1.00000000000000004E+036
 1.00000000000000004E+036
 1.00000000000000004E+036
 1.00000000000000004E+036
 1.00000000000000004E+036
 1.00000000000000004E+036
 1.00000000000000004E+036
 1.00000000000000004E+036
 1.00000000000000004E+036
 1.00000000000000004E+036
 1.00000000000000004E+036
 1.00000000000000004E+036
 0.00000000000000000E+000
 0.00000000000000000E+000
 0.00000000000000000E+000
 0.00000000000000000E+000
 0.00000000000000000E+000
 0.00000000000000000E+000
 0.00000000000000000E+000
 0.00000000000000000E+000
 0.00000000000000000E+000
 0.00000000000000000E+000
 0.00000000000000000E+000
 0.00000000000000000E+000
 0.00000000000000000E+000
 0.00000000000000000E+000
 0.00000000000000000E+000
 0.00000000000000000E+000
 0.00000000000000000E+000
 0.00000000000000000E+000
 0.00000000000000000E+000
 0.00000000000000000E+000
 0.00000000000000000E+000
 0.00000000000000000E+000
 0.00000000000000000E+000
 0.00000000000000000E+000
 0.00000000000000000E+000
# INPUT: waterstatebulk_inst__h2osoi_liq_col(1,37)
 1.00000000000000004E+036
 1.00000000000000004E+036
 1.00000000000000004E+036
 1.00000000000000004E+036
 1.00000000000000004E+036
 1.00000000000000004E+036
 1.00000000000000004E+036
 1.00000000000000004E+036
 1.00000000000000004E+036
 1.00000000000000004E+036
 1.00000000000000004E+036
 1.00000000000000004E+036
 4.17276174622935159E+000
 8.49245357351028929E+000
 1.28222776759657844E+001
 3.14944410324096715E+001
 4.69565892219543457E+001
 6.40008020401000977E+001
 7.96265840530395650E+001
 9.55821418762207031E+001
 1.13814687728881836E+002
 1.22302188873291016E+002
 1.40062143802642851E+002
 1.58528757095336914E+002
 3.00000008428469300E-002
 3.00000003335299005E-002
 3.00000002607703209E-002
 3.00000001880107448E-002
 2.99999996786937152E-002
 2.99999994604149833E-002
 3.00000004062894732E-002
 2.99999994604149868E-002
 0.00000000000000000E+000
 0.00000000000000000E+000
 0.00000000000000000E+000
 0.00000000000000000E+000
 0.00000000000000000E+000
# INPUT: clm_time_manager__dtstep
1800
# INPUT: clm_varcon__cpice
 2.11726999999999998E+003
# INPUT: clm_varcon__cpliq
 4.18800000000000000E+003
# INPUT: clm_varcon__csol_bedrock
 2.00000000000000000E+006
# INPUT: clm_varcon__denh2o
 1.00000000000000000E+003
# INPUT: clm_varcon__denice
 9.17000000000000000E+002
# INPUT: clm_varcon__thk_bedrock
 3.00000000000000000E+000
# INPUT: clm_varcon__tkair
 2.29999999999999996E-002
# INPUT: clm_varcon__tkice
 2.29000000000000004E+000
# INPUT: clm_varcon__tkwat
 5.69999999999999951E-001
# INPUT: clm_varpar__nlevgrnd
25
# INPUT: clm_varpar__nlevsno
12
# OUTPUT: soilstate_inst__thk_col(1,37)
 1.00000000000000004E+036
 1.00000000000000004E+036
 1.00000000000000004E+036
 1.00000000000000004E+036
 1.00000000000000004E+036
 1.00000000000000004E+036
 1.00000000000000004E+036
 1.00000000000000004E+036
 1.00000000000000004E+036
 1.00000000000000004E+036
 1.00000000000000004E+036
 1.00000000000000004E+036
 5.39097269420200531E-001
 5.49345406740706310E-001
 5.57713760333844566E-001
 8.08037528921928927E-001
 8.20333715116662532E-001
 8.50348467086847082E-001
 1.51510818665862668E+000
 1.51530602330496222E+000
 1.52808190624203633E+000
 1.48956460985827910E+000
 1.50069830384003744E+000
 1.51225779158917351E+000
 3.00000000000000000E+000
 3.00000000000000000E+000
 3.00000000000000000E+000
 3.00000000000000000E+000
 3.00000000000000000E+000
 3.00000000000000000E+000
 3.00000000000000000E+000
 3.00000000000000000E+000
 3.00000000000000000E+000
 3.00000000000000000E+000
 3.00000000000000000E+000
 3.00000000000000000E+000
 3.00000000000000000E+000
# OUTPUT: temperature_inst__t_soisno_col(1,37)
 1.00000000000000004E+036
 1.00000000000000004E+036
 1.00000000000000004E+036
 1.00000000000000004E+036
 1.00000000000000004E+036
 1.00000000000000004E+036
 1.00000000000000004E+036
 1.00000000000000004E+036
 1.00000000000000004E+036
 1.00000000000000004E+036
 1.00000000000000004E+036
 1.00000000000000004E+036
 2.85258782602121755E+002
 2.87197667912063764E+002
 2.89625566814376157E+002
 2.91291235273659311E+002
 2.91588523511167239E+002
 2.90805838315971755E+002
 2.89889515562148972E+002
 2.89047632173571287E+002
 2.88137770594098981E+002
 2.87283608830096284E+002
 2.86559049054179525E+002
 2.85982421815440091E+002
 2.85644486212843844E+002
 2.85432647499485256E+002
 2.85241448328555975E+002
 2.85081855036909928E+002
 2.84955428114294307E+002
 2.84854732237483688E+002
 2.84764406703410828E+002
 2.84662587430099848E+002
 2.84458604012048056E+002
 2.83787530657550860E+002
 2.82270832204611281E+002
 2.80347349819350995E+002
 2.78683862196410473E+002
# OUTPUT: waterdiagnosticbulk_inst__bw_col(1,12)
 1.00000000000000004E+036
 1.00000000000000004E+036
 1.00000000000000004E+036
 1.00000000000000004E+036
 1.00000000000000004E+036
 1.00000000000000004E+036
 1.00000000000000004E+036
 1.00000000000000004E+036
 1.00000000000000004E+036
 1.00000000000000004E+036
 1.00000000000000004E+036
 1.00000000000000004E+036
