# PROBE mlsoiltemperaturemod.soilthermprop_flat: call=1959
# num_nolakec = 1
# np_ = 1
# INPUT: filter_nolakec(1)
1
# INPUT: tk(1,37)
 0.00000000000000000E+000
 0.00000000000000000E+000
 0.00000000000000000E+000
 0.00000000000000000E+000
 0.00000000000000000E+000
 0.00000000000000000E+000
 0.00000000000000000E+000
 0.00000000000000000E+000
 0.00000000000000000E+000
 0.00000000000000000E+000
 0.00000000000000000E+000
 0.00000000000000000E+000
 0.00000000000000000E+000
 0.00000000000000000E+000
 0.00000000000000000E+000
 0.00000000000000000E+000
 0.00000000000000000E+000
 0.00000000000000000E+000
 0.00000000000000000E+000
 0.00000000000000000E+000
 0.00000000000000000E+000
 0.00000000000000000E+000
 0.00000000000000000E+000
 0.00000000000000000E+000
 0.00000000000000000E+000
 0.00000000000000000E+000
 0.00000000000000000E+000
 0.00000000000000000E+000
 0.00000000000000000E+000
 0.00000000000000000E+000
 0.00000000000000000E+000
 0.00000000000000000E+000
 0.00000000000000000E+000
 0.00000000000000000E+000
 0.00000000000000000E+000
 0.00000000000000000E+000
 0.00000000000000000E+000
# INPUT: cv(1,37)
 0.00000000000000000E+000
 0.00000000000000000E+000
 0.00000000000000000E+000
 0.00000000000000000E+000
 0.00000000000000000E+000
 0.00000000000000000E+000
 0.00000000000000000E+000
 0.00000000000000000E+000
 0.00000000000000000E+000
 0.00000000000000000E+000
 0.00000000000000000E+000
 0.00000000000000000E+000
 0.00000000000000000E+000
 0.00000000000000000E+000
 0.00000000000000000E+000
 0.00000000000000000E+000
 0.00000000000000000E+000
 0.00000000000000000E+000
 0.00000000000000000E+000
 0.00000000000000000E+000
 0.00000000000000000E+000
 0.00000000000000000E+000
 0.00000000000000000E+000
 0.00000000000000000E+000
 0.00000000000000000E+000
 0.00000000000000000E+000
 0.00000000000000000E+000
 0.00000000000000000E+000
 0.00000000000000000E+000
 0.00000000000000000E+000
 0.00000000000000000E+000
 0.00000000000000000E+000
 0.00000000000000000E+000
 0.00000000000000000E+000
 0.00000000000000000E+000
 0.00000000000000000E+000
 0.00000000000000000E+000
# INPUT: tk_h2osfc(1)
 0.00000000000000000E+000
# INPUT: bounds__begc
1
# INPUT: col__dz(1,37)
 1.00000000000000004E+036
 1.00000000000000004E+036
 1.00000000000000004E+036
 1.00000000000000004E+036
 1.00000000000000004E+036
 1.00000000000000004E+036
 1.00000000000000004E+036
 1.00000000000000004E+036
 1.00000000000000004E+036
 1.00000000000000004E+036
 1.00000000000000004E+036
 1.00000000000000004E+036
 2.00000000000000004E-002
 4.00000000000000008E-002
 5.99999999999999978E-002
 8.00000000000000017E-002
 1.19999999999999996E-001
 1.60000000000000003E-001
 2.00000000000000011E-001
 2.39999999999999991E-001
 2.80000000000000027E-001
 3.20000000000000007E-001
 3.60000000000000042E-001
 4.00000000000000022E-001
 4.40000000000000002E-001
 5.40000000000000036E-001
 6.40000000000000013E-001
 7.39999999999999991E-001
 8.40000000000000080E-001
 9.39999999999999947E-001
 1.04000000000000004E+000
 1.14000000000000012E+000
 2.39000000000000012E+000
 4.67553390593273832E+000
 7.63519052838329060E+000
 1.11400000000000006E+001
 1.51154248593736860E+001
# INPUT: col__nbedrock(1)
12
# INPUT: col__snl(1)
0
# INPUT: col__z(1,37)
 1.00000000000000004E+036
 1.00000000000000004E+036
 1.00000000000000004E+036
 1.00000000000000004E+036
 1.00000000000000004E+036
 1.00000000000000004E+036
 1.00000000000000004E+036
 1.00000000000000004E+036
 1.00000000000000004E+036
 1.00000000000000004E+036
 1.00000000000000004E+036
 1.00000000000000004E+036
 1.00000000000000002E-002
 4.00000000000000008E-002
 8.99999999999999967E-002
 1.60000000000000003E-001
 2.60000000000000009E-001
 4.00000000000000022E-001
 5.79999999999999960E-001
 7.99999999999999933E-001
 1.06000000000000005E+000
 1.35999999999999988E+000
 1.70000000000000018E+000
 2.08000000000000007E+000
 2.50000000000000000E+000
 2.99000000000000021E+000
 3.58000000000000007E+000
 4.27000000000000046E+000
 5.06000000000000050E+000
 5.95000000000000018E+000
 6.93999999999999950E+000
 8.02999999999999936E+000
 9.79499999999999993E+000
 1.33277669529663694E+001
 1.94831291701243856E+001
 2.88707244343160312E+001
 4.19984368640028691E+001
# INPUT: col__zi(1,38)
 1.00000000000000004E+036
 1.00000000000000004E+036
 1.00000000000000004E+036
 1.00000000000000004E+036
 1.00000000000000004E+036
 1.00000000000000004E+036
 1.00000000000000004E+036
 1.00000000000000004E+036
 1.00000000000000004E+036
 1.00000000000000004E+036
 1.00000000000000004E+036
 1.00000000000000004E+036
 0.00000000000000000E+000
 2.00000000000000004E-002
 5.99999999999999978E-002
 1.19999999999999996E-001
 2.00000000000000011E-001
 3.20000000000000007E-001
 4.79999999999999982E-001
 6.79999999999999938E-001
 9.19999999999999929E-001
 1.19999999999999996E+000
 1.52000000000000002E+000
 1.88000000000000012E+000
 2.28000000000000025E+000
 2.72000000000000020E+000
 3.26000000000000023E+000
 3.90000000000000036E+000
 4.64000000000000057E+000
 5.48000000000000043E+000
 6.41999999999999993E+000
 7.45999999999999996E+000
 8.59999999999999964E+000
 1.09900000000000002E+001
 1.56655339059327385E+001
 2.33007244343160309E+001
 3.44407244343160315E+001
 4.95561492936897139E+001
# INPUT: soilstate_inst__csol_col(1,25)
 2.39408547008547047E+006
 2.39408547008547047E+006
 2.39408547008547047E+006
 2.39408547008547047E+006
 2.39408547008547047E+006
 2.39408547008547047E+006
 2.32788888888888899E+006
 2.32788888888888899E+006
 2.32788888888888899E+006
 2.32788888888888899E+006
 2.32788888888888899E+006
 2.32788888888888899E+006
 2.32788888888888899E+006
 2.32788888888888899E+006
 2.32788888888888899E+006
 2.32788888888888899E+006
 2.32788888888888899E+006
 2.32788888888888899E+006
 2.32788888888888899E+006
 2.32788888888888899E+006
 2.00000000000000000E+006
 2.00000000000000000E+006
 2.00000000000000000E+006
 2.00000000000000000E+006
 2.00000000000000000E+006
# INPUT: soilstate_inst__thk_col(1,37)
 1.00000000000000004E+036
 1.00000000000000004E+036
 1.00000000000000004E+036
 1.00000000000000004E+036
 1.00000000000000004E+036
 1.00000000000000004E+036
 1.00000000000000004E+036
 1.00000000000000004E+036
 1.00000000000000004E+036
 1.00000000000000004E+036
 1.00000000000000004E+036
 1.00000000000000004E+036
 4.52806869461658823E-001
 4.66932224808415008E-001
 4.77577031497455062E-001
 7.90278898510602512E-001
 8.03510456218540892E-001
 8.34784165001663525E-001
 1.49396791446496402E+000
 1.49743202833395594E+000
 1.51284405424465773E+000
 1.47523516190278658E+000
 1.48646754628944144E+000
 1.49700424146379429E+000
 3.00000000000000000E+000
 3.00000000000000000E+000
 3.00000000000000000E+000
 3.00000000000000000E+000
 3.00000000000000000E+000
 3.00000000000000000E+000
 3.00000000000000000E+000
 3.00000000000000000E+000
 3.00000000000000000E+000
 3.00000000000000000E+000
 3.00000000000000000E+000
 3.00000000000000000E+000
 3.00000000000000000E+000
# INPUT: soilstate_inst__tkdry_col(1,25)
 8.47605947777060331E-002
 8.52631423482249490E-002
 8.61080859697007372E-002
 8.73067290787974959E-002
 8.90516787788899339E-002
 9.15613189133329258E-002
 1.87739388617379904E-001
 1.87739388617379904E-001
 1.87739388617379904E-001
 1.87739388617379904E-001
 1.87739388617379904E-001
 1.87739388617379904E-001
 1.87739388617379904E-001
 1.87739388617379904E-001
 1.87739388617379904E-001
 1.87739388617379904E-001
 1.87739388617379904E-001
 1.87739388617379904E-001
 1.87739388617379904E-001
 1.87739388617379904E-001
 2.99930118798043521E+000
 2.99930118798043521E+000
 2.99930118798043521E+000
 2.99930118798043521E+000
 2.99930118798043521E+000
# INPUT: soilstate_inst__tkmg_col(1,25)
 1.41507243290422591E+000
 1.41831624717297422E+000
 1.42373913691614740E+000
 1.43136603385569838E+000
 1.44233252931060263E+000
 1.45782692133818426E+000
 2.12702479317208937E+000
 2.12702479317208937E+000
 2.12702479317208937E+000
 2.12702479317208937E+000
 2.12702479317208937E+000
 2.12702479317208937E+000
 2.12702479317208937E+000
 2.12702479317208937E+000
 2.12702479317208937E+000
 2.12702479317208937E+000
 2.12702479317208937E+000
 2.12702479317208937E+000
 2.12702479317208937E+000
 2.12702479317208937E+000
 3.00000000000000000E+000
 3.00000000000000000E+000
 3.00000000000000000E+000
 3.00000000000000000E+000
 3.00000000000000000E+000
# INPUT: soilstate_inst__watsat_col(1,25)
 6.50092307692307747E-001
 6.47784615384615403E-001
 6.43938461538461571E-001
 6.38553846153846250E-001
 6.30861538461538585E-001
 6.20092307692307720E-001
 4.76399999999999990E-001
 4.76399999999999990E-001
 4.76399999999999990E-001
 4.76399999999999990E-001
 4.76399999999999990E-001
 4.76399999999999990E-001
 4.76399999999999990E-001
 4.76399999999999990E-001
 4.76399999999999990E-001
 4.76399999999999990E-001
 4.76399999999999990E-001
 4.76399999999999990E-001
 4.76399999999999990E-001
 4.76399999999999990E-001
 4.76399999999999990E-001
 4.76399999999999990E-001
 4.76399999999999990E-001
 4.76399999999999990E-001
 4.76399999999999990E-001
# INPUT: temperature_inst__t_soisno_col(1,37)
 1.00000000000000004E+036
 1.00000000000000004E+036
 1.00000000000000004E+036
 1.00000000000000004E+036
 1.00000000000000004E+036
 1.00000000000000004E+036
 1.00000000000000004E+036
 1.00000000000000004E+036
 1.00000000000000004E+036
 1.00000000000000004E+036
 1.00000000000000004E+036
 1.00000000000000004E+036
 2.91760130606340567E+002
 2.92973513075024016E+002
 2.94042489158559022E+002
 2.94026780152128254E+002
 2.92864302331712395E+002
 2.91377980691596122E+002
 2.90344143668483412E+002
 2.89556942406275255E+002
 2.88734403077931063E+002
 2.87898912480516799E+002
 2.87096683653962145E+002
 2.86386886814256172E+002
 2.85947498027933079E+002
 2.85667924924807664E+002
 2.85411782288027155E+002
 2.85195425458419720E+002
 2.85022488155834992E+002
 2.84885253244039404E+002
 2.84767400943575922E+002
 2.84647001916490069E+002
 2.84429546449963709E+002
 2.83775018539061136E+002
 2.82276184126929536E+002
 2.80354489845737703E+002
 2.78692391888714383E+002
# INPUT: water_inst__h2osno_col(1)
 0.00000000000000000E+000
# INPUT: waterdiagnosticbulk_inst__bw_col(1,12)
 1.00000000000000004E+036
 1.00000000000000004E+036
 1.00000000000000004E+036
 1.00000000000000004E+036
 1.00000000000000004E+036
 1.00000000000000004E+036
 1.00000000000000004E+036
 1.00000000000000004E+036
 1.00000000000000004E+036
 1.00000000000000004E+036
 1.00000000000000004E+036
 1.00000000000000004E+036
# INPUT: waterdiagnosticbulk_inst__frac_sno_eff_col(1)
 0.00000000000000000E+000
# INPUT: waterstatebulk_inst__h2osfc_col(1)
 0.00000000000000000E+000
# INPUT: waterstatebulk_inst__h2osoi_ice_col(1,37)
 1.00000000000000004E+036
 1.00000000000000004E+036
 1.00000000000000004E+036
 1.00000000000000004E+036
 1.00000000000000004E+036
 1.00000000000000004E+036
 1.00000000000000004E+036
 1.00000000000000004E+036
 1.00000000000000004E+036
 1.00000000000000004E+036
 1.00000000000000004E+036
 1.00000000000000004E+036
 0.00000000000000000E+000
 0.00000000000000000E+000
 0.00000000000000000E+000
 0.00000000000000000E+000
 0.00000000000000000E+000
 0.00000000000000000E+000
 0.00000000000000000E+000
 0.00000000000000000E+000
 0.00000000000000000E+000
 0.00000000000000000E+000
 0.00000000000000000E+000
 0.00000000000000000E+000
 0.00000000000000000E+000
 0.00000000000000000E+000
 0.00000000000000000E+000
 0.00000000000000000E+000
 0.00000000000000000E+000
 0.00000000000000000E+000
 0.00000000000000000E+000
 0.00000000000000000E+000
 0.00000000000000000E+000
 0.00000000000000000E+000
 0.00000000000000000E+000
 0.00000000000000000E+000
 0.00000000000000000E+000
# INPUT: waterstatebulk_inst__h2osoi_liq_col(1,37)
 1.00000000000000004E+036
 1.00000000000000004E+036
 1.00000000000000004E+036
 1.00000000000000004E+036
 1.00000000000000004E+036
 1.00000000000000004E+036
 1.00000000000000004E+036
 1.00000000000000004E+036
 1.00000000000000004E+036
 1.00000000000000004E+036
 1.00000000000000004E+036
 1.00000000000000004E+036
 3.33899069097518941E+000
 6.86576109661102230E+000
 1.04366545458984383E+001
 3.01210713386535680E+001
 4.50305128097534180E+001
 6.15994691848754883E+001
 7.69750952720642090E+001
 9.28822803497314311E+001
 1.11067353487014785E+002
 1.19523601531982422E+002
 1.36901578903198271E+002
 1.54697525501251249E+002
 3.00000008428469300E-002
 3.00000003335299005E-002
 3.00000002607703209E-002
 3.00000001880107448E-002
 2.99999996786937152E-002
 2.99999994604149833E-002
 3.00000004062894732E-002
 2.99999994604149868E-002
 0.00000000000000000E+000
 0.00000000000000000E+000
 0.00000000000000000E+000
 0.00000000000000000E+000
 0.00000000000000000E+000
# INPUT: clm_varcon__cpice
 2.11726999999999998E+003
# INPUT: clm_varcon__cpliq
 4.18800000000000000E+003
# INPUT: clm_varcon__csol_bedrock
 2.00000000000000000E+006
# INPUT: clm_varcon__denh2o
 1.00000000000000000E+003
# INPUT: clm_varcon__denice
 9.17000000000000000E+002
# INPUT: clm_varcon__thk_bedrock
 3.00000000000000000E+000
# INPUT: clm_varcon__tkair
 2.29999999999999996E-002
# INPUT: clm_varcon__tkice
 2.29000000000000004E+000
# INPUT: clm_varcon__tkwat
 5.69999999999999951E-001
# INPUT: clm_varpar__nlevgrnd
25
# INPUT: clm_varpar__nlevsno
12
# OUTPUT: soilstate_inst__thk_col(1,37)
 1.00000000000000004E+036
 1.00000000000000004E+036
 1.00000000000000004E+036
 1.00000000000000004E+036
 1.00000000000000004E+036
 1.00000000000000004E+036
 1.00000000000000004E+036
 1.00000000000000004E+036
 1.00000000000000004E+036
 1.00000000000000004E+036
 1.00000000000000004E+036
 1.00000000000000004E+036
 4.52245008293054362E-001
 4.66218532076789316E-001
 4.76781254701444668E-001
 7.90370679782541719E-001
 8.03550874282773497E-001
 8.34782589600407521E-001
 1.49393514075442635E+000
 1.49739211779352610E+000
 1.51280530344538744E+000
 1.47519685184661054E+000
 1.48642879147745477E+000
 1.49696276192331812E+000
 3.00000000000000000E+000
 3.00000000000000000E+000
 3.00000000000000000E+000
 3.00000000000000000E+000
 3.00000000000000000E+000
 3.00000000000000000E+000
 3.00000000000000000E+000
 3.00000000000000000E+000
 3.00000000000000000E+000
 3.00000000000000000E+000
 3.00000000000000000E+000
 3.00000000000000000E+000
 3.00000000000000000E+000
# OUTPUT: waterdiagnosticbulk_inst__bw_col(1,12)
 1.00000000000000004E+036
 1.00000000000000004E+036
 1.00000000000000004E+036
 1.00000000000000004E+036
 1.00000000000000004E+036
 1.00000000000000004E+036
 1.00000000000000004E+036
 1.00000000000000004E+036
 1.00000000000000004E+036
 1.00000000000000004E+036
 1.00000000000000004E+036
 1.00000000000000004E+036
# OUTPUT: tk(1,37)
 0.00000000000000000E+000
 0.00000000000000000E+000
 0.00000000000000000E+000
 0.00000000000000000E+000
 0.00000000000000000E+000
 0.00000000000000000E+000
 0.00000000000000000E+000
 0.00000000000000000E+000
 0.00000000000000000E+000
 0.00000000000000000E+000
 0.00000000000000000E+000
 0.00000000000000000E+000
 4.61465723208158596E-001
 4.72499246894442670E-001
 6.16571133120013659E-001
 7.98226395821582613E-001
 8.21105161011542739E-001
 1.10585049994663143E+000
 1.49581878333804252E+000
 1.50565228323740175E+000
 1.49251203289706225E+000
 1.48112194327194224E+000
 1.49195443747236545E+000
 2.02960133781224883E+000
 3.00000000000000000E+000
 3.00000000000000000E+000
 3.00000000000000000E+000
 3.00000000000000000E+000
 3.00000000000000044E+000
 2.99999999999999956E+000
 3.00000000000000000E+000
 3.00000000000000000E+000
 3.00000000000000000E+000
 2.99999999999999956E+000
 3.00000000000000000E+000
 3.00000000000000000E+000
 0.00000000000000000E+000
# OUTPUT: cv(1,37)
 0.00000000000000000E+000
 0.00000000000000000E+000
 0.00000000000000000E+000
 0.00000000000000000E+000
 0.00000000000000000E+000
 0.00000000000000000E+000
 0.00000000000000000E+000
 0.00000000000000000E+000
 0.00000000000000000E+000
 0.00000000000000000E+000
 0.00000000000000000E+000
 0.00000000000000000E+000
 3.07378714543037640E+004
 6.24831568585372734E+004
 9.48552145794455428E+004
 1.95373685577589495E+005
 2.94637670913519454E+005
 4.03503614726666186E+005
 5.66148223443849362E+005
 6.81522819438008592E+005
 8.06437210625840235E+005
 8.90607282327053603E+005
 1.01214155644659442E+006
 1.13542628568812925E+006
 8.80000000000000000E+005
 1.08000000000000000E+006
 1.28000000000000000E+006
 1.48000000000000000E+006
 1.68000000000000023E+006
 1.88000000000000000E+006
 2.08000000000000000E+006
 2.28000000000000047E+006
 4.78000000000000000E+006
 9.35106781186547689E+006
 1.52703810567665808E+007
 2.22800000000000000E+007
 3.02308497187473737E+007
# OUTPUT: tk_h2osfc(1)
 4.52245008293054307E-001
