# PROBE mlsoilfluxesmod.soilfluxes_flat: call=42
# p = 1
# np_ = 1
# INPUT: mlcanopy_inst__cpair_forcing(1)
 2.91642417244561685E+001
# INPUT: mlcanopy_inst__eair_profile(1,100)
 2.08858306489877396E+003
 2.03737248448138735E+003
 1.99947846916566868E+003
 1.97088810479535368E+003
 1.94848164710334186E+003
 1.92998651035521630E+003
 1.91364048691759854E+003
 1.89826735236582954E+003
 1.88301129635361644E+003
 1.86727275817457235E+003
 1.85065572413004134E+003
 1.83288619666410636E+003
 1.81374609347084061E+003
 1.79319631200192748E+003
 1.77114700377334862E+003
 1.74754621840158597E+003
 1.72241603555424513E+003
 1.69591862690953667E+003
 1.66840772149484201E+003
 1.64060497610706875E+003
 1.61411541999228530E+003
 1.59118331903865987E+003
 1.57024886284862873E+003
 1.55058787315635868E+003
 1.53180838241372771E+003
 1.51368666944095435E+003
 1.49606846531524616E+003
 1.47886986944383352E+003
 1.46202830056010748E+003
 1.44549439814659513E+003
 1.42923223578945340E+003
 1.41321246494834463E+003
 1.39741093486511727E+003
 1.38181391393704143E+003
 1.36640870705118505E+003
 1.35118223674289061E+003
 1.33612505006599758E+003
 1.32122812443986209E+003
 1.30648188486777849E+003
 1.29188079040535763E+003
 1.27741957073632580E+003
 1.26309193077193777E+003
 1.24889281449779241E+003
 1.23481611807536660E+003
 1.22085756573029857E+003
 1.20701314236489247E+003
 1.00000000000000004E+036
 1.00000000000000004E+036
 1.00000000000000004E+036
 1.00000000000000004E+036
 1.00000000000000004E+036
 1.00000000000000004E+036
 1.00000000000000004E+036
 1.00000000000000004E+036
 1.00000000000000004E+036
 1.00000000000000004E+036
 1.00000000000000004E+036
 1.00000000000000004E+036
 1.00000000000000004E+036
 1.00000000000000004E+036
 1.00000000000000004E+036
 1.00000000000000004E+036
 1.00000000000000004E+036
 1.00000000000000004E+036
 1.00000000000000004E+036
 1.00000000000000004E+036
 1.00000000000000004E+036
 1.00000000000000004E+036
 1.00000000000000004E+036
 1.00000000000000004E+036
 1.00000000000000004E+036
 1.00000000000000004E+036
 1.00000000000000004E+036
 1.00000000000000004E+036
 1.00000000000000004E+036
 1.00000000000000004E+036
 1.00000000000000004E+036
 1.00000000000000004E+036
 1.00000000000000004E+036
 1.00000000000000004E+036
 1.00000000000000004E+036
 1.00000000000000004E+036
 1.00000000000000004E+036
 1.00000000000000004E+036
 1.00000000000000004E+036
 1.00000000000000004E+036
 1.00000000000000004E+036
 1.00000000000000004E+036
 1.00000000000000004E+036
 1.00000000000000004E+036
 1.00000000000000004E+036
 1.00000000000000004E+036
 1.00000000000000004E+036
 1.00000000000000004E+036
 1.00000000000000004E+036
 1.00000000000000004E+036
 1.00000000000000004E+036
 1.00000000000000004E+036
 1.00000000000000004E+036
 1.00000000000000004E+036
# INPUT: mlcanopy_inst__eg_soil(1)
 4.27673129666750356E+003
# INPUT: mlcanopy_inst__etsoi_soil(1)
 3.59886093662046777E-004
# INPUT: mlcanopy_inst__gac0_soil(1)
 8.03512533241515087E-002
# INPUT: mlcanopy_inst__gsoi_soil(1)
 1.13629640002915746E+001
# INPUT: mlcanopy_inst__lhsoi_soil(1)
 1.62193536668829985E+001
# INPUT: mlcanopy_inst__pref_forcing(1)
 1.00839583984374985E+005
# INPUT: mlcanopy_inst__rhg_soil(1)
 9.67275053483786618E-001
# INPUT: mlcanopy_inst__rhomol_forcing(1)
 4.01756266620757572E+001
# INPUT: mlcanopy_inst__rnsoi_soil(1)
 3.17214528756019405E+001
# INPUT: mlcanopy_inst__shsoi_soil(1)
 4.33878400030074474E+000
# INPUT: mlcanopy_inst__soil_dz_soil(1)
 1.00000000000000002E-002
# INPUT: mlcanopy_inst__soil_t_soil(1)
 3.03645592357496184E+002
# INPUT: mlcanopy_inst__soil_tk_soil(1)
 5.37407829959001271E-001
# INPUT: mlcanopy_inst__soilres_soil(1)
 1.93122934554292237E+003
# INPUT: mlcanopy_inst__tair_profile(1,100)
 3.02034880532383852E+002
 3.01793727101781599E+002
 3.01573109887984572E+002
 3.01369305205794035E+002
 3.01180293359844143E+002
 3.01003944283694011E+002
 3.00840767399375068E+002
 3.00690530297798773E+002
 3.00554323630978786E+002
 3.00433735936171445E+002
 3.00330315039133666E+002
 3.00245912383970904E+002
 3.00182741218749356E+002
 3.00141435025397925E+002
 3.00123843705436400E+002
 3.00131375018343647E+002
 3.00164789055344045E+002
 3.00223431584078867E+002
 3.00304907873917728E+002
 3.00403630854707160E+002
 3.00506858373343675E+002
 3.00596131815803744E+002
 3.00677549428872226E+002
 3.00753943316077709E+002
 3.00826847153128597E+002
 3.00897137368706808E+002
 3.00965418577989567E+002
 3.01032021109459379E+002
 3.01097191777485023E+002
 3.01161125519994414E+002
 3.01223964777068318E+002
 3.01285826151555682E+002
 3.01346805834007739E+002
 3.01406959541530114E+002
 3.01466338798980814E+002
 3.01524996427640929E+002
 3.01582971127234089E+002
 3.01640299808436282E+002
 3.01697021385699657E+002
 3.01753159148233408E+002
 3.01808735258431568E+002
 3.01863775735546596E+002
 3.01918301761762450E+002
 3.01972338473483262E+002
 3.02025903924789645E+002
 3.02079015114227957E+002
 1.00000000000000004E+036
 1.00000000000000004E+036
 1.00000000000000004E+036
 1.00000000000000004E+036
 1.00000000000000004E+036
 1.00000000000000004E+036
 1.00000000000000004E+036
 1.00000000000000004E+036
 1.00000000000000004E+036
 1.00000000000000004E+036
 1.00000000000000004E+036
 1.00000000000000004E+036
 1.00000000000000004E+036
 1.00000000000000004E+036
 1.00000000000000004E+036
 1.00000000000000004E+036
 1.00000000000000004E+036
 1.00000000000000004E+036
 1.00000000000000004E+036
 1.00000000000000004E+036
 1.00000000000000004E+036
 1.00000000000000004E+036
 1.00000000000000004E+036
 1.00000000000000004E+036
 1.00000000000000004E+036
 1.00000000000000004E+036
 1.00000000000000004E+036
 1.00000000000000004E+036
 1.00000000000000004E+036
 1.00000000000000004E+036
 1.00000000000000004E+036
 1.00000000000000004E+036
 1.00000000000000004E+036
 1.00000000000000004E+036
 1.00000000000000004E+036
 1.00000000000000004E+036
 1.00000000000000004E+036
 1.00000000000000004E+036
 1.00000000000000004E+036
 1.00000000000000004E+036
 1.00000000000000004E+036
 1.00000000000000004E+036
 1.00000000000000004E+036
 1.00000000000000004E+036
 1.00000000000000004E+036
 1.00000000000000004E+036
 1.00000000000000004E+036
 1.00000000000000004E+036
 1.00000000000000004E+036
 1.00000000000000004E+036
 1.00000000000000004E+036
 1.00000000000000004E+036
 1.00000000000000004E+036
 1.00000000000000004E+036
# INPUT: mlcanopy_inst__tg_bef_soil(1)
 3.03904748097907998E+002
# INPUT: mlcanopy_inst__tg_soil(1)
 3.03880890347198260E+002
# INPUT: mlcanopy_inst__tref_forcing(1)
 3.01879997253418196E+002
# INPUT: clm_varcon__hsub
 2.83470000000000000E+006
# INPUT: clm_varcon__hvap
 2.50100000000000000E+006
# INPUT: mlclm_varcon__mmh2o
 1.80200000000000013E-002
# OUTPUT: mlcanopy_inst__eg_soil(1)
 4.27642741590529749E+003
# OUTPUT: mlcanopy_inst__etsoi_soil(1)
 3.58527198084304958E-004
# OUTPUT: mlcanopy_inst__gsoi_soil(1)
 1.12962501656808243E+001
# OUTPUT: mlcanopy_inst__lhsoi_soil(1)
 1.61581109338074178E+001
# OUTPUT: mlcanopy_inst__shsoi_soil(1)
 4.26709177611475976E+000
# OUTPUT: mlcanopy_inst__tg_soil(1)
 3.03855791195993618E+002
