# PROBE mlsoilfluxesmod.soilfluxes_flat: call=5
# p = 1
# np_ = 1
# INPUT: mlcanopy_inst__cpair_forcing(1)
 2.91618944145315879E+001
# INPUT: mlcanopy_inst__eair_profile(1,100)
 1.53830961475127833E+003
 1.52475179669227737E+003
 1.51398012489769690E+003
 1.50522054684480281E+003
 1.49785913170583672E+003
 1.49139492894095679E+003
 1.48543426694240316E+003
 1.47964592448611234E+003
 1.47377260997044186E+003
 1.46762071300413072E+003
 1.46101361999576602E+003
 1.45379727697516046E+003
 1.44583995057498419E+003
 1.43703585571151052E+003
 1.42728223427353078E+003
 1.41648025433587691E+003
 1.40458528136308360E+003
 1.39161793440446741E+003
 1.37781904180755919E+003
 1.36354417640444899E+003
 1.34938240293694207E+003
 1.33683994157715188E+003
 1.32524494623593114E+003
 1.31435501877793581E+003
 1.30402397839683363E+003
 1.29415396360137379E+003
 1.28467960138177727E+003
 1.27554886482214124E+003
 1.26672542391676802E+003
 1.25817874955618800E+003
 1.24988300217765072E+003
 1.24181904847686224E+003
 1.23396789698104749E+003
 1.22631489151730352E+003
 1.21884863372707878E+003
 1.21155528098854961E+003
 1.20442645837839359E+003
 1.19745080019115062E+003
 1.19062123995434717E+003
 1.18393036257210952E+003
 1.17736884919560339E+003
 1.17093159898198701E+003
 1.16461206760813707E+003
 1.15840437637550917E+003
 1.15230318555538906E+003
 1.14630345768800635E+003
 1.00000000000000004E+036
 1.00000000000000004E+036
 1.00000000000000004E+036
 1.00000000000000004E+036
 1.00000000000000004E+036
 1.00000000000000004E+036
 1.00000000000000004E+036
 1.00000000000000004E+036
 1.00000000000000004E+036
 1.00000000000000004E+036
 1.00000000000000004E+036
 1.00000000000000004E+036
 1.00000000000000004E+036
 1.00000000000000004E+036
 1.00000000000000004E+036
 1.00000000000000004E+036
 1.00000000000000004E+036
 1.00000000000000004E+036
 1.00000000000000004E+036
 1.00000000000000004E+036
 1.00000000000000004E+036
 1.00000000000000004E+036
 1.00000000000000004E+036
 1.00000000000000004E+036
 1.00000000000000004E+036
 1.00000000000000004E+036
 1.00000000000000004E+036
 1.00000000000000004E+036
 1.00000000000000004E+036
 1.00000000000000004E+036
 1.00000000000000004E+036
 1.00000000000000004E+036
 1.00000000000000004E+036
 1.00000000000000004E+036
 1.00000000000000004E+036
 1.00000000000000004E+036
 1.00000000000000004E+036
 1.00000000000000004E+036
 1.00000000000000004E+036
 1.00000000000000004E+036
 1.00000000000000004E+036
 1.00000000000000004E+036
 1.00000000000000004E+036
 1.00000000000000004E+036
 1.00000000000000004E+036
 1.00000000000000004E+036
 1.00000000000000004E+036
 1.00000000000000004E+036
 1.00000000000000004E+036
 1.00000000000000004E+036
 1.00000000000000004E+036
 1.00000000000000004E+036
 1.00000000000000004E+036
 1.00000000000000004E+036
# INPUT: mlcanopy_inst__eg_soil(1)
 4.54528344167506748E+003
# INPUT: mlcanopy_inst__etsoi_soil(1)
 5.05134115153227088E-004
# INPUT: mlcanopy_inst__gac0_soil(1)
 8.02911368229698025E-002
# INPUT: mlcanopy_inst__gsoi_soil(1)
 2.77402420655708184E+001
# INPUT: mlcanopy_inst__lhsoi_soil(1)
 2.27653944044079424E+001
# INPUT: mlcanopy_inst__pref_forcing(1)
 1.00860967447916672E+005
# INPUT: mlcanopy_inst__rhg_soil(1)
 9.67632101474419914E-001
# INPUT: mlcanopy_inst__rhomol_forcing(1)
 4.01455684114849021E+001
# INPUT: mlcanopy_inst__rnsoi_soil(1)
 5.61422589796900411E+001
# INPUT: mlcanopy_inst__shsoi_soil(1)
 6.66628024811121289E+000
# INPUT: mlcanopy_inst__soil_dz_soil(1)
 1.00000000000000002E-002
# INPUT: mlcanopy_inst__soil_t_soil(1)
 3.04414844865985287E+002
# INPUT: mlcanopy_inst__soil_tk_soil(1)
 5.37939041097237447E-001
# INPUT: mlcanopy_inst__soilres_soil(1)
 1.92105888858701974E+003
# INPUT: mlcanopy_inst__tair_profile(1,100)
 3.02188832069537341E+002
 3.02121645894163350E+002
 3.02057559047622192E+002
 3.01995441826421711E+002
 3.01934737666025057E+002
 3.01875561409150521E+002
 3.01818290534128607E+002
 3.01763757996908851E+002
 3.01712854618576614E+002
 3.01666281133879465E+002
 3.01625067567144015E+002
 3.01590367290064989E+002
 3.01563323589555239E+002
 3.01544845483255074E+002
 3.01536000610864335E+002
 3.01537934299058918E+002
 3.01551265298386227E+002
 3.01576091382126947E+002
 3.01610131482451948E+002
 3.01653204721009899E+002
 3.01701463477798541E+002
 3.01744143894872366E+002
 3.01783547260935450E+002
 3.01820507272329507E+002
 3.01855527710262777E+002
 3.01888946496058338E+002
 3.01920990158999189E+002
 3.01951839109518232E+002
 3.01981619976470881E+002
 3.02010439247565444E+002
 3.02038387132450225E+002
 3.02065530868074461E+002
 3.02091936902959560E+002
 3.02117656829474356E+002
 3.02142731066316173E+002
 3.02167208042588982E+002
 3.02191117654764355E+002
 3.02214499677858726E+002
 3.02237379331269324E+002
 3.02259782882998650E+002
 3.02281742860653651E+002
 3.02303277568655233E+002
 3.02324410051877067E+002
 3.02345161044031954E+002
 3.02365549400310329E+002
 3.02385592895971115E+002
 1.00000000000000004E+036
 1.00000000000000004E+036
 1.00000000000000004E+036
 1.00000000000000004E+036
 1.00000000000000004E+036
 1.00000000000000004E+036
 1.00000000000000004E+036
 1.00000000000000004E+036
 1.00000000000000004E+036
 1.00000000000000004E+036
 1.00000000000000004E+036
 1.00000000000000004E+036
 1.00000000000000004E+036
 1.00000000000000004E+036
 1.00000000000000004E+036
 1.00000000000000004E+036
 1.00000000000000004E+036
 1.00000000000000004E+036
 1.00000000000000004E+036
 1.00000000000000004E+036
 1.00000000000000004E+036
 1.00000000000000004E+036
 1.00000000000000004E+036
 1.00000000000000004E+036
 1.00000000000000004E+036
 1.00000000000000004E+036
 1.00000000000000004E+036
 1.00000000000000004E+036
 1.00000000000000004E+036
 1.00000000000000004E+036
 1.00000000000000004E+036
 1.00000000000000004E+036
 1.00000000000000004E+036
 1.00000000000000004E+036
 1.00000000000000004E+036
 1.00000000000000004E+036
 1.00000000000000004E+036
 1.00000000000000004E+036
 1.00000000000000004E+036
 1.00000000000000004E+036
 1.00000000000000004E+036
 1.00000000000000004E+036
 1.00000000000000004E+036
 1.00000000000000004E+036
 1.00000000000000004E+036
 1.00000000000000004E+036
 1.00000000000000004E+036
 1.00000000000000004E+036
 1.00000000000000004E+036
 1.00000000000000004E+036
 1.00000000000000004E+036
 1.00000000000000004E+036
 1.00000000000000004E+036
 1.00000000000000004E+036
# INPUT: mlcanopy_inst__tg_bef_soil(1)
 3.05538707752398523E+002
# INPUT: mlcanopy_inst__tg_soil(1)
 3.04900228463099097E+002
# INPUT: mlcanopy_inst__tref_forcing(1)
 3.02170087178548215E+002
# INPUT: clm_varcon__hsub
 2.83470000000000000E+006
# INPUT: clm_varcon__hvap
 2.50100000000000000E+006
# INPUT: mlclm_varcon__mmh2o
 1.80200000000000013E-002
# OUTPUT: mlcanopy_inst__eg_soil(1)
 4.54392637421598647E+003
# OUTPUT: mlcanopy_inst__etsoi_soil(1)
 4.94131718602957713E-004
# OUTPUT: mlcanopy_inst__gsoi_soil(1)
 2.74651877764111525E+001
# OUTPUT: mlcanopy_inst__lhsoi_soil(1)
 2.22695381766324729E+001
# OUTPUT: mlcanopy_inst__shsoi_soil(1)
 6.40753302664549373E+000
# OUTPUT: mlcanopy_inst__tg_soil(1)
 3.04925408065123804E+002
