# PROBE mlsoilfluxesmod.soilfluxes_flat: call=48
# p = 1
# np_ = 1
# INPUT: mlcanopy_inst__cpair_forcing(1)
 2.91648031827503829E+001
# INPUT: mlcanopy_inst__eair_profile(1,100)
 2.15585277625152185E+003
 2.09954050008136119E+003
 2.05752306920927595E+003
 2.02550201936468716E+003
 2.00015590807479794E+003
 1.97902343956968230E+003
 1.96033671077442273E+003
 1.94279124680187738E+003
 1.92550122846779618E+003
 1.90790221985973244E+003
 1.88954308873161790E+003
 1.87014588472150103E+003
 1.84949098272584683E+003
 1.82748553531931407E+003
 1.80409555393482742E+003
 1.77926633036185603E+003
 1.75303084140165629E+003
 1.72553934749333553E+003
 1.69713367705231008E+003
 1.66851828318288062E+003
 1.64128647225566397E+003
 1.61774850027084221E+003
 1.59625838755609198E+003
 1.57606278969018649E+003
 1.55675853627984861E+003
 1.53811423211047963E+003
 1.51998322847074132E+003
 1.50226936540487486E+003
 1.48490507787215211E+003
 1.46784238078349358E+003
 1.45104338566403203E+003
 1.43448493475447617E+003
 1.41814703569717926E+003
 1.40201215269608724E+003
 1.38606756482662081E+003
 1.37030205140907833E+003
 1.35470551697298902E+003
 1.33927087780767533E+003
 1.32398988517073280E+003
 1.30885710293026887E+003
 1.29386537532180068E+003
 1.27901171425686152E+003
 1.26428976639204348E+003
 1.24969651883493043E+003
 1.23522690454261942E+003
 1.22087715932309970E+003
 1.00000000000000004E+036
 1.00000000000000004E+036
 1.00000000000000004E+036
 1.00000000000000004E+036
 1.00000000000000004E+036
 1.00000000000000004E+036
 1.00000000000000004E+036
 1.00000000000000004E+036
 1.00000000000000004E+036
 1.00000000000000004E+036
 1.00000000000000004E+036
 1.00000000000000004E+036
 1.00000000000000004E+036
 1.00000000000000004E+036
 1.00000000000000004E+036
 1.00000000000000004E+036
 1.00000000000000004E+036
 1.00000000000000004E+036
 1.00000000000000004E+036
 1.00000000000000004E+036
 1.00000000000000004E+036
 1.00000000000000004E+036
 1.00000000000000004E+036
 1.00000000000000004E+036
 1.00000000000000004E+036
 1.00000000000000004E+036
 1.00000000000000004E+036
 1.00000000000000004E+036
 1.00000000000000004E+036
 1.00000000000000004E+036
 1.00000000000000004E+036
 1.00000000000000004E+036
 1.00000000000000004E+036
 1.00000000000000004E+036
 1.00000000000000004E+036
 1.00000000000000004E+036
 1.00000000000000004E+036
 1.00000000000000004E+036
 1.00000000000000004E+036
 1.00000000000000004E+036
 1.00000000000000004E+036
 1.00000000000000004E+036
 1.00000000000000004E+036
 1.00000000000000004E+036
 1.00000000000000004E+036
 1.00000000000000004E+036
 1.00000000000000004E+036
 1.00000000000000004E+036
 1.00000000000000004E+036
 1.00000000000000004E+036
 1.00000000000000004E+036
 1.00000000000000004E+036
 1.00000000000000004E+036
 1.00000000000000004E+036
# INPUT: mlcanopy_inst__eg_soil(1)
 4.26447160888365124E+003
# INPUT: mlcanopy_inst__etsoi_soil(1)
 3.45971716831480877E-004
# INPUT: mlcanopy_inst__gac0_soil(1)
 8.03641746537585855E-002
# INPUT: mlcanopy_inst__gsoi_soil(1)
 8.66195831155935281E+000
# INPUT: mlcanopy_inst__lhsoi_soil(1)
 1.55922602535955175E+001
# INPUT: mlcanopy_inst__pref_forcing(1)
 1.00837272786458343E+005
# INPUT: mlcanopy_inst__rhg_soil(1)
 9.67275053483786618E-001
# INPUT: mlcanopy_inst__rhomol_forcing(1)
 4.01820873268792909E+001
# INPUT: mlcanopy_inst__rnsoi_soil(1)
 2.84951883455706394E+001
# INPUT: mlcanopy_inst__shsoi_soil(1)
 4.20882170474165296E+000
# INPUT: mlcanopy_inst__soil_dz_soil(1)
 1.00000000000000002E-002
# INPUT: mlcanopy_inst__soil_t_soil(1)
 3.03645592357496184E+002
# INPUT: mlcanopy_inst__soil_tk_soil(1)
 5.37407829959001271E-001
# INPUT: mlcanopy_inst__soilres_soil(1)
 1.93122934554292237E+003
# INPUT: mlcanopy_inst__tair_profile(1,100)
 3.02018658888499544E+002
 3.01751412882658940E+002
 3.01509219185091638E+002
 3.01286966961166115E+002
 3.01081650151696067E+002
 3.00891432565034279E+002
 3.00715379566127126E+002
 3.00554113714753043E+002
 3.00408569329160002E+002
 3.00279704414126627E+002
 3.00169504976280507E+002
 3.00079704911847784E+002
 3.00012556919307826E+002
 2.99969545054102298E+002
 2.99951506000505560E+002
 2.99959835612748918E+002
 2.99995055649889991E+002
 3.00056568632135111E+002
 3.00142011842135219E+002
 3.00245802122268572E+002
 3.00354938941295359E+002
 3.00449148499915111E+002
 3.00535055041358078E+002
 3.00615691845972208E+002
 3.00692683595927974E+002
 3.00766964326971788E+002
 3.00839127215294468E+002
 3.00909562447343717E+002
 3.00978545147863372E+002
 3.01046271696878819E+002
 3.01112897693764694E+002
 3.01178519783885065E+002
 3.01243221681871717E+002
 3.01307077046094150E+002
 3.01370140205902260E+002
 3.01432459333667623E+002
 3.01494077958848322E+002
 3.01555027544202460E+002
 3.01615344008342674E+002
 3.01675052036425313E+002
 3.01734182983808694E+002
 3.01792751663301715E+002
 3.01850786067649494E+002
 3.01908300936065757E+002
 3.01965319029859245E+002
 3.02021857907613764E+002
 1.00000000000000004E+036
 1.00000000000000004E+036
 1.00000000000000004E+036
 1.00000000000000004E+036
 1.00000000000000004E+036
 1.00000000000000004E+036
 1.00000000000000004E+036
 1.00000000000000004E+036
 1.00000000000000004E+036
 1.00000000000000004E+036
 1.00000000000000004E+036
 1.00000000000000004E+036
 1.00000000000000004E+036
 1.00000000000000004E+036
 1.00000000000000004E+036
 1.00000000000000004E+036
 1.00000000000000004E+036
 1.00000000000000004E+036
 1.00000000000000004E+036
 1.00000000000000004E+036
 1.00000000000000004E+036
 1.00000000000000004E+036
 1.00000000000000004E+036
 1.00000000000000004E+036
 1.00000000000000004E+036
 1.00000000000000004E+036
 1.00000000000000004E+036
 1.00000000000000004E+036
 1.00000000000000004E+036
 1.00000000000000004E+036
 1.00000000000000004E+036
 1.00000000000000004E+036
 1.00000000000000004E+036
 1.00000000000000004E+036
 1.00000000000000004E+036
 1.00000000000000004E+036
 1.00000000000000004E+036
 1.00000000000000004E+036
 1.00000000000000004E+036
 1.00000000000000004E+036
 1.00000000000000004E+036
 1.00000000000000004E+036
 1.00000000000000004E+036
 1.00000000000000004E+036
 1.00000000000000004E+036
 1.00000000000000004E+036
 1.00000000000000004E+036
 1.00000000000000004E+036
 1.00000000000000004E+036
 1.00000000000000004E+036
 1.00000000000000004E+036
 1.00000000000000004E+036
 1.00000000000000004E+036
 1.00000000000000004E+036
# INPUT: mlcanopy_inst__tg_bef_soil(1)
 3.03856271440615672E+002
# INPUT: mlcanopy_inst__tg_soil(1)
 3.03831522074977102E+002
# INPUT: mlcanopy_inst__tref_forcing(1)
 3.01824541727702126E+002
# INPUT: clm_varcon__hsub
 2.83470000000000000E+006
# INPUT: clm_varcon__hvap
 2.50100000000000000E+006
# INPUT: mlclm_varcon__mmh2o
 1.80200000000000013E-002
# OUTPUT: mlcanopy_inst__eg_soil(1)
 4.26475162850525612E+003
# OUTPUT: mlcanopy_inst__etsoi_soil(1)
 3.45653710360398182E-004
# OUTPUT: mlcanopy_inst__gsoi_soil(1)
 8.72358170705388680E+000
# OUTPUT: mlcanopy_inst__lhsoi_soil(1)
 1.55779283315966328E+001
# OUTPUT: mlcanopy_inst__shsoi_soil(1)
 4.19367830691929822E+000
# OUTPUT: mlcanopy_inst__tg_soil(1)
 3.03807919387746551E+002
