# PROBE mlsoilfluxesmod.soilfluxes_flat: call=21
# p = 1
# np_ = 1
# INPUT: mlcanopy_inst__cpair_forcing(1)
 2.91495696366984518E+001
# INPUT: mlcanopy_inst__eair_profile(1,100)
 1.50278715263634285E+003
 1.47020310672974074E+003
 1.44495814354577215E+003
 1.42498358143969585E+003
 1.40863812126286257E+003
 1.39470060168692930E+003
 1.38218618397944397E+003
 1.37039875468552941E+003
 1.35879316754357683E+003
 1.34698492733936610E+003
 1.33466979554625982E+003
 1.32160746453250340E+003
 1.30762423984850398E+003
 1.29258644751788552E+003
 1.27635650436328910E+003
 1.25885292954114402E+003
 1.24006229680039360E+003
 1.22007363070181395E+003
 1.19916481940080371E+003
 1.17794631954690067E+003
 1.15750642913204524E+003
 1.13969959894788326E+003
 1.12339389254636922E+003
 1.10804752099787197E+003
 1.09345685556546323E+003
 1.07938324641598251E+003
 1.06577899105139500E+003
 1.05252857958771460E+003
 1.03960434093330878E+003
 1.02695137682231075E+003
 1.01454446019562965E+003
 1.00236117341156569E+003
 9.90375819900414740E+002
 9.78582220490580312E+002
 9.66956066870344785E+002
 9.55496621614156311E+002
 9.44184880392983359E+002
 9.33019894002434967E+002
 9.21988923458920681E+002
 9.11088875824139564E+002
 9.00310905794411383E+002
 8.89651018861405760E+002
 8.79103846873548491E+002
 8.68663253465195453E+002
 8.58326986868859194E+002
 8.48088268722663884E+002
 1.00000000000000004E+036
 1.00000000000000004E+036
 1.00000000000000004E+036
 1.00000000000000004E+036
 1.00000000000000004E+036
 1.00000000000000004E+036
 1.00000000000000004E+036
 1.00000000000000004E+036
 1.00000000000000004E+036
 1.00000000000000004E+036
 1.00000000000000004E+036
 1.00000000000000004E+036
 1.00000000000000004E+036
 1.00000000000000004E+036
 1.00000000000000004E+036
 1.00000000000000004E+036
 1.00000000000000004E+036
 1.00000000000000004E+036
 1.00000000000000004E+036
 1.00000000000000004E+036
 1.00000000000000004E+036
 1.00000000000000004E+036
 1.00000000000000004E+036
 1.00000000000000004E+036
 1.00000000000000004E+036
 1.00000000000000004E+036
 1.00000000000000004E+036
 1.00000000000000004E+036
 1.00000000000000004E+036
 1.00000000000000004E+036
 1.00000000000000004E+036
 1.00000000000000004E+036
 1.00000000000000004E+036
 1.00000000000000004E+036
 1.00000000000000004E+036
 1.00000000000000004E+036
 1.00000000000000004E+036
 1.00000000000000004E+036
 1.00000000000000004E+036
 1.00000000000000004E+036
 1.00000000000000004E+036
 1.00000000000000004E+036
 1.00000000000000004E+036
 1.00000000000000004E+036
 1.00000000000000004E+036
 1.00000000000000004E+036
 1.00000000000000004E+036
 1.00000000000000004E+036
 1.00000000000000004E+036
 1.00000000000000004E+036
 1.00000000000000004E+036
 1.00000000000000004E+036
 1.00000000000000004E+036
 1.00000000000000004E+036
# INPUT: mlcanopy_inst__eg_soil(1)
 3.76422675039059777E+003
# INPUT: mlcanopy_inst__etsoi_soil(1)
 4.66270146915659725E-004
# INPUT: mlcanopy_inst__gac0_soil(1)
 8.04012918870214977E-002
# INPUT: mlcanopy_inst__gsoi_soil(1)
 3.45225875562680997E+001
# INPUT: mlcanopy_inst__lhsoi_soil(1)
 2.10138723065978930E+001
# INPUT: mlcanopy_inst__pref_forcing(1)
 1.00765249999999985E+005
# INPUT: mlcanopy_inst__rhg_soil(1)
 9.95462413944631197E-001
# INPUT: mlcanopy_inst__rhomol_forcing(1)
 4.02006459435107502E+001
# INPUT: mlcanopy_inst__rnsoi_soil(1)
 5.44013993814457990E+001
# INPUT: mlcanopy_inst__shsoi_soil(1)
 1.80950016478991449E+000
# INPUT: mlcanopy_inst__soil_dz_soil(1)
 1.00000000000000002E-002
# INPUT: mlcanopy_inst__soil_t_soil(1)
 3.00623687744140625E+002
# INPUT: mlcanopy_inst__soil_tk_soil(1)
 6.60607311783409590E-001
# INPUT: mlcanopy_inst__soilres_soil(1)
 1.48388869602942032E+003
# INPUT: mlcanopy_inst__tair_profile(1,100)
 3.00264421270071864E+002
 3.00205797436782120E+002
 3.00144450242474363E+002
 3.00081783039621257E+002
 3.00019536921586848E+002
 2.99958907109652102E+002
 2.99901894760529729E+002
 2.99849650836158560E+002
 2.99803760960878947E+002
 2.99765625840547045E+002
 2.99736760419506766E+002
 2.99718741033748017E+002
 2.99712811539510199E+002
 2.99720376012132135E+002
 2.99743051932735511E+002
 2.99782053702787664E+002
 2.99838030250719498E+002
 2.99910714635448812E+002
 2.99998102695903981E+002
 3.00095277182890470E+002
 3.00193705618580623E+002
 3.00279392374957467E+002
 3.00357799894411642E+002
 3.00431542615588114E+002
 3.00501605340822607E+002
 3.00569138642252028E+002
 3.00634374902842467E+002
 3.00697870830676493E+002
 3.00759761252516114E+002
 3.00820310927602009E+002
 3.00879642108296878E+002
 3.00937863309801514E+002
 3.00995098430439100E+002
 3.01051377928451757E+002
 3.01106818614736028E+002
 3.01161424700776877E+002
 3.01215287347144340E+002
 3.01268411585649972E+002
 3.01320858477435991E+002
 3.01372643106684166E+002
 3.01423807822847607E+002
 3.01474371862085718E+002
 3.01524360923374331E+002
 3.01573804282075969E+002
 3.01622712763047161E+002
 3.01671118569519365E+002
 1.00000000000000004E+036
 1.00000000000000004E+036
 1.00000000000000004E+036
 1.00000000000000004E+036
 1.00000000000000004E+036
 1.00000000000000004E+036
 1.00000000000000004E+036
 1.00000000000000004E+036
 1.00000000000000004E+036
 1.00000000000000004E+036
 1.00000000000000004E+036
 1.00000000000000004E+036
 1.00000000000000004E+036
 1.00000000000000004E+036
 1.00000000000000004E+036
 1.00000000000000004E+036
 1.00000000000000004E+036
 1.00000000000000004E+036
 1.00000000000000004E+036
 1.00000000000000004E+036
 1.00000000000000004E+036
 1.00000000000000004E+036
 1.00000000000000004E+036
 1.00000000000000004E+036
 1.00000000000000004E+036
 1.00000000000000004E+036
 1.00000000000000004E+036
 1.00000000000000004E+036
 1.00000000000000004E+036
 1.00000000000000004E+036
 1.00000000000000004E+036
 1.00000000000000004E+036
 1.00000000000000004E+036
 1.00000000000000004E+036
 1.00000000000000004E+036
 1.00000000000000004E+036
 1.00000000000000004E+036
 1.00000000000000004E+036
 1.00000000000000004E+036
 1.00000000000000004E+036
 1.00000000000000004E+036
 1.00000000000000004E+036
 1.00000000000000004E+036
 1.00000000000000004E+036
 1.00000000000000004E+036
 1.00000000000000004E+036
 1.00000000000000004E+036
 1.00000000000000004E+036
 1.00000000000000004E+036
 1.00000000000000004E+036
 1.00000000000000004E+036
 1.00000000000000004E+036
 1.00000000000000004E+036
 1.00000000000000004E+036
# INPUT: mlcanopy_inst__tg_bef_soil(1)
 3.01146276382511417E+002
# INPUT: mlcanopy_inst__tg_soil(1)
 3.01146276382511417E+002
# INPUT: mlcanopy_inst__tref_forcing(1)
 3.01469726562500000E+002
# INPUT: clm_varcon__hsub
 2.83470000000000000E+006
# INPUT: clm_varcon__hvap
 2.50100000000000000E+006
# INPUT: mlclm_varcon__mmh2o
 1.80200000000000013E-002
# OUTPUT: mlcanopy_inst__eg_soil(1)
 3.75586630531737956E+003
# OUTPUT: mlcanopy_inst__etsoi_soil(1)
 4.53086780264994060E-004
# OUTPUT: mlcanopy_inst__gsoi_soil(1)
 3.20042481939559877E+001
# OUTPUT: mlcanopy_inst__lhsoi_soil(1)
 2.04197240747183599E+001
# OUTPUT: mlcanopy_inst__shsoi_soil(1)
 1.97742711276916228E+000
# OUTPUT: mlcanopy_inst__tg_soil(1)
 3.01108154803815694E+002
