# PROBE mllongwaveradiationmod.longwaveradiation_flat: call=30
# num_filter = 1
# np_ = 1
# INPUT: filter(1)
1
# INPUT: mlcanopy_inst__dpai_profile(1,100)
 0.00000000000000000E+000
 1.78551353570273429E-002
 3.11655641162021727E-002
 4.57148859213814471E-002
 6.12493639624123037E-002
 7.75313959945820030E-002
 9.43346110262384407E-002
 1.11434803884834954E-001
 1.28601049978836285E-001
 1.45586493163041897E-001
 1.62117246374047785E-001
 1.77877862367811335E-001
 1.92490098223176753E-001
 2.05479351517816183E-001
 2.16217367616885509E-001
 2.23814705886579951E-001
 2.26892468212283621E-001
 2.23004465358848158E-001
 2.06653578762819423E-001
 1.51979540354245490E-001
 0.00000000000000000E+000
 0.00000000000000000E+000
 0.00000000000000000E+000
 0.00000000000000000E+000
 0.00000000000000000E+000
 0.00000000000000000E+000
 0.00000000000000000E+000
 0.00000000000000000E+000
 0.00000000000000000E+000
 0.00000000000000000E+000
 0.00000000000000000E+000
 0.00000000000000000E+000
 0.00000000000000000E+000
 0.00000000000000000E+000
 0.00000000000000000E+000
 0.00000000000000000E+000
 0.00000000000000000E+000
 0.00000000000000000E+000
 0.00000000000000000E+000
 0.00000000000000000E+000
 0.00000000000000000E+000
 0.00000000000000000E+000
 0.00000000000000000E+000
 0.00000000000000000E+000
 0.00000000000000000E+000
 0.00000000000000000E+000
 1.00000000000000004E+036
 1.00000000000000004E+036
 1.00000000000000004E+036
 1.00000000000000004E+036
 1.00000000000000004E+036
 1.00000000000000004E+036
 1.00000000000000004E+036
 1.00000000000000004E+036
 1.00000000000000004E+036
 1.00000000000000004E+036
 1.00000000000000004E+036
 1.00000000000000004E+036
 1.00000000000000004E+036
 1.00000000000000004E+036
 1.00000000000000004E+036
 1.00000000000000004E+036
 1.00000000000000004E+036
 1.00000000000000004E+036
 1.00000000000000004E+036
 1.00000000000000004E+036
 1.00000000000000004E+036
 1.00000000000000004E+036
 1.00000000000000004E+036
 1.00000000000000004E+036
 1.00000000000000004E+036
 1.00000000000000004E+036
 1.00000000000000004E+036
 1.00000000000000004E+036
 1.00000000000000004E+036
 1.00000000000000004E+036
 1.00000000000000004E+036
 1.00000000000000004E+036
 1.00000000000000004E+036
 1.00000000000000004E+036
 1.00000000000000004E+036
 1.00000000000000004E+036
 1.00000000000000004E+036
 1.00000000000000004E+036
 1.00000000000000004E+036
 1.00000000000000004E+036
 1.00000000000000004E+036
 1.00000000000000004E+036
 1.00000000000000004E+036
 1.00000000000000004E+036
 1.00000000000000004E+036
 1.00000000000000004E+036
 1.00000000000000004E+036
 1.00000000000000004E+036
 1.00000000000000004E+036
 1.00000000000000004E+036
 1.00000000000000004E+036
 1.00000000000000004E+036
 1.00000000000000004E+036
 1.00000000000000004E+036
# INPUT: mlcanopy_inst__fracsun_profile(1,100)
 0.00000000000000000E+000
 9.54976249357824547E-002
 9.75645072419107223E-002
 1.00896820462350087E-001
 1.05723614876915922E-001
 1.12332276784173721E-001
 1.21092157578291046E-001
 1.32483398986655426E-001
 1.47132730612155066E-001
 1.65858170695500712E-001
 1.89724000226522943E-001
 2.20105656694004864E-001
 2.58759950303025898E-001
 3.07886423301037937E-001
 3.70145027332639653E-001
 4.48551017723652912E-001
 5.46069538329279958E-001
 6.64488237036297447E-001
 8.01342789117524879E-001
 9.36516662710141667E-001
 0.00000000000000000E+000
 0.00000000000000000E+000
 0.00000000000000000E+000
 0.00000000000000000E+000
 0.00000000000000000E+000
 0.00000000000000000E+000
 0.00000000000000000E+000
 0.00000000000000000E+000
 0.00000000000000000E+000
 0.00000000000000000E+000
 0.00000000000000000E+000
 0.00000000000000000E+000
 0.00000000000000000E+000
 0.00000000000000000E+000
 0.00000000000000000E+000
 0.00000000000000000E+000
 0.00000000000000000E+000
 0.00000000000000000E+000
 0.00000000000000000E+000
 0.00000000000000000E+000
 0.00000000000000000E+000
 0.00000000000000000E+000
 0.00000000000000000E+000
 0.00000000000000000E+000
 0.00000000000000000E+000
 0.00000000000000000E+000
 1.00000000000000004E+036
 1.00000000000000004E+036
 1.00000000000000004E+036
 1.00000000000000004E+036
 1.00000000000000004E+036
 1.00000000000000004E+036
 1.00000000000000004E+036
 1.00000000000000004E+036
 1.00000000000000004E+036
 1.00000000000000004E+036
 1.00000000000000004E+036
 1.00000000000000004E+036
 1.00000000000000004E+036
 1.00000000000000004E+036
 1.00000000000000004E+036
 1.00000000000000004E+036
 1.00000000000000004E+036
 1.00000000000000004E+036
 1.00000000000000004E+036
 1.00000000000000004E+036
 1.00000000000000004E+036
 1.00000000000000004E+036
 1.00000000000000004E+036
 1.00000000000000004E+036
 1.00000000000000004E+036
 1.00000000000000004E+036
 1.00000000000000004E+036
 1.00000000000000004E+036
 1.00000000000000004E+036
 1.00000000000000004E+036
 1.00000000000000004E+036
 1.00000000000000004E+036
 1.00000000000000004E+036
 1.00000000000000004E+036
 1.00000000000000004E+036
 1.00000000000000004E+036
 1.00000000000000004E+036
 1.00000000000000004E+036
 1.00000000000000004E+036
 1.00000000000000004E+036
 1.00000000000000004E+036
 1.00000000000000004E+036
 1.00000000000000004E+036
 1.00000000000000004E+036
 1.00000000000000004E+036
 1.00000000000000004E+036
 1.00000000000000004E+036
 1.00000000000000004E+036
 1.00000000000000004E+036
 1.00000000000000004E+036
 1.00000000000000004E+036
 1.00000000000000004E+036
 1.00000000000000004E+036
 1.00000000000000004E+036
# INPUT: mlcanopy_inst__lwdwn_profile(1,101)
 4.54625494108706334E+002
 0.00000000000000000E+000
 4.54350284103682498E+002
 4.53826772927241109E+002
 4.53046720500533411E+002
 4.52003750300096726E+002
 4.50672937383853423E+002
 4.49034787297699950E+002
 4.47044520677445689E+002
 4.44626088064003852E+002
 4.41717791094535642E+002
 4.38218283420301304E+002
 4.34013247453181975E+002
 4.28885149322533834E+002
 4.22663700058717950E+002
 4.15097722892714955E+002
 4.05929164967616089E+002
 3.94889679083891679E+002
 3.81883870305944583E+002
 3.66193683308425534E+002
 3.50718897501628817E+002
 0.00000000000000000E+000
 0.00000000000000000E+000
 0.00000000000000000E+000
 0.00000000000000000E+000
 0.00000000000000000E+000
 0.00000000000000000E+000
 0.00000000000000000E+000
 0.00000000000000000E+000
 0.00000000000000000E+000
 0.00000000000000000E+000
 0.00000000000000000E+000
 0.00000000000000000E+000
 0.00000000000000000E+000
 0.00000000000000000E+000
 0.00000000000000000E+000
 0.00000000000000000E+000
 0.00000000000000000E+000
 0.00000000000000000E+000
 0.00000000000000000E+000
 0.00000000000000000E+000
 0.00000000000000000E+000
 0.00000000000000000E+000
 0.00000000000000000E+000
 0.00000000000000000E+000
 0.00000000000000000E+000
 0.00000000000000000E+000
 1.00000000000000004E+036
 1.00000000000000004E+036
 1.00000000000000004E+036
 1.00000000000000004E+036
 1.00000000000000004E+036
 1.00000000000000004E+036
 1.00000000000000004E+036
 1.00000000000000004E+036
 1.00000000000000004E+036
 1.00000000000000004E+036
 1.00000000000000004E+036
 1.00000000000000004E+036
 1.00000000000000004E+036
 1.00000000000000004E+036
 1.00000000000000004E+036
 1.00000000000000004E+036
 1.00000000000000004E+036
 1.00000000000000004E+036
 1.00000000000000004E+036
 1.00000000000000004E+036
 1.00000000000000004E+036
 1.00000000000000004E+036
 1.00000000000000004E+036
 1.00000000000000004E+036
 1.00000000000000004E+036
 1.00000000000000004E+036
 1.00000000000000004E+036
 1.00000000000000004E+036
 1.00000000000000004E+036
 1.00000000000000004E+036
 1.00000000000000004E+036
 1.00000000000000004E+036
 1.00000000000000004E+036
 1.00000000000000004E+036
 1.00000000000000004E+036
 1.00000000000000004E+036
 1.00000000000000004E+036
 1.00000000000000004E+036
 1.00000000000000004E+036
 1.00000000000000004E+036
 1.00000000000000004E+036
 1.00000000000000004E+036
 1.00000000000000004E+036
 1.00000000000000004E+036
 1.00000000000000004E+036
 1.00000000000000004E+036
 1.00000000000000004E+036
 1.00000000000000004E+036
 1.00000000000000004E+036
 1.00000000000000004E+036
 1.00000000000000004E+036
 1.00000000000000004E+036
 1.00000000000000004E+036
 1.00000000000000004E+036
# INPUT: mlcanopy_inst__lwleaf_leaf(1,100,2)
 0.00000000000000000E+000
-1.04767487164358659E+001
-9.01271116238919490E+000
-7.55081012185378775E+000
-6.22595281836268111E+000
-5.56221701512901401E+000
-5.16980404505669977E+000
-5.40469071907590770E+000
-6.46210122379355223E+000
-7.78545248550096147E+000
-9.69449611404447253E+000
-1.20681137911541985E+001
-1.57113986818412243E+001
-1.97905697357481252E+001
-2.49835723779956531E+001
-3.13924623512765173E+001
-3.96600145828839032E+001
-5.00792137414321843E+001
-7.37206472799000352E+001
-1.12069471555666638E+002
 0.00000000000000000E+000
 0.00000000000000000E+000
 0.00000000000000000E+000
 0.00000000000000000E+000
 0.00000000000000000E+000
 0.00000000000000000E+000
 0.00000000000000000E+000
 0.00000000000000000E+000
 0.00000000000000000E+000
 0.00000000000000000E+000
 0.00000000000000000E+000
 0.00000000000000000E+000
 0.00000000000000000E+000
 0.00000000000000000E+000
 0.00000000000000000E+000
 0.00000000000000000E+000
 0.00000000000000000E+000
 0.00000000000000000E+000
 0.00000000000000000E+000
 0.00000000000000000E+000
 0.00000000000000000E+000
 0.00000000000000000E+000
 0.00000000000000000E+000
 0.00000000000000000E+000
 0.00000000000000000E+000
 0.00000000000000000E+000
 1.00000000000000004E+036
 1.00000000000000004E+036
 1.00000000000000004E+036
 1.00000000000000004E+036
 1.00000000000000004E+036
 1.00000000000000004E+036
 1.00000000000000004E+036
 1.00000000000000004E+036
 1.00000000000000004E+036
 1.00000000000000004E+036
 1.00000000000000004E+036
 1.00000000000000004E+036
 1.00000000000000004E+036
 1.00000000000000004E+036
 1.00000000000000004E+036
 1.00000000000000004E+036
 1.00000000000000004E+036
 1.00000000000000004E+036
 1.00000000000000004E+036
 1.00000000000000004E+036
 1.00000000000000004E+036
 1.00000000000000004E+036
 1.00000000000000004E+036
 1.00000000000000004E+036
 1.00000000000000004E+036
 1.00000000000000004E+036
 1.00000000000000004E+036
 1.00000000000000004E+036
 1.00000000000000004E+036
 1.00000000000000004E+036
 1.00000000000000004E+036
 1.00000000000000004E+036
 1.00000000000000004E+036
 1.00000000000000004E+036
 1.00000000000000004E+036
 1.00000000000000004E+036
 1.00000000000000004E+036
 1.00000000000000004E+036
 1.00000000000000004E+036
 1.00000000000000004E+036
 1.00000000000000004E+036
 1.00000000000000004E+036
 1.00000000000000004E+036
 1.00000000000000004E+036
 1.00000000000000004E+036
 1.00000000000000004E+036
 1.00000000000000004E+036
 1.00000000000000004E+036
 1.00000000000000004E+036
 1.00000000000000004E+036
 1.00000000000000004E+036
 1.00000000000000004E+036
 1.00000000000000004E+036
 1.00000000000000004E+036
 0.00000000000000000E+000
-1.04767487164358659E+001
-9.01271116238919490E+000
-7.55081012185378775E+000
-6.22595281836268111E+000
-5.56221701512901401E+000
-5.16980404505669977E+000
-5.40469071907590770E+000
-6.46210122379355223E+000
-7.78545248550096147E+000
-9.69449611404447253E+000
-1.20681137911541985E+001
-1.57113986818412243E+001
-1.97905697357481252E+001
-2.49835723779956531E+001
-3.13924623512765173E+001
-3.96600145828839032E+001
-5.00792137414321843E+001
-7.37206472799000352E+001
-1.12069471555666638E+002
 0.00000000000000000E+000
 0.00000000000000000E+000
 0.00000000000000000E+000
 0.00000000000000000E+000
 0.00000000000000000E+000
 0.00000000000000000E+000
 0.00000000000000000E+000
 0.00000000000000000E+000
 0.00000000000000000E+000
 0.00000000000000000E+000
 0.00000000000000000E+000
 0.00000000000000000E+000
 0.00000000000000000E+000
 0.00000000000000000E+000
 0.00000000000000000E+000
 0.00000000000000000E+000
 0.00000000000000000E+000
 0.00000000000000000E+000
 0.00000000000000000E+000
 0.00000000000000000E+000
 0.00000000000000000E+000
 0.00000000000000000E+000
 0.00000000000000000E+000
 0.00000000000000000E+000
 0.00000000000000000E+000
 0.00000000000000000E+000
 1.00000000000000004E+036
 1.00000000000000004E+036
 1.00000000000000004E+036
 1.00000000000000004E+036
 1.00000000000000004E+036
 1.00000000000000004E+036
 1.00000000000000004E+036
 1.00000000000000004E+036
 1.00000000000000004E+036
 1.00000000000000004E+036
 1.00000000000000004E+036
 1.00000000000000004E+036
 1.00000000000000004E+036
 1.00000000000000004E+036
 1.00000000000000004E+036
 1.00000000000000004E+036
 1.00000000000000004E+036
 1.00000000000000004E+036
 1.00000000000000004E+036
 1.00000000000000004E+036
 1.00000000000000004E+036
 1.00000000000000004E+036
 1.00000000000000004E+036
 1.00000000000000004E+036
 1.00000000000000004E+036
 1.00000000000000004E+036
 1.00000000000000004E+036
 1.00000000000000004E+036
 1.00000000000000004E+036
 1.00000000000000004E+036
 1.00000000000000004E+036
 1.00000000000000004E+036
 1.00000000000000004E+036
 1.00000000000000004E+036
 1.00000000000000004E+036
 1.00000000000000004E+036
 1.00000000000000004E+036
 1.00000000000000004E+036
 1.00000000000000004E+036
 1.00000000000000004E+036
 1.00000000000000004E+036
 1.00000000000000004E+036
 1.00000000000000004E+036
 1.00000000000000004E+036
 1.00000000000000004E+036
 1.00000000000000004E+036
 1.00000000000000004E+036
 1.00000000000000004E+036
 1.00000000000000004E+036
 1.00000000000000004E+036
 1.00000000000000004E+036
 1.00000000000000004E+036
 1.00000000000000004E+036
 1.00000000000000004E+036
# INPUT: mlcanopy_inst__lwsky_forcing(1)
 3.50718897501628817E+002
# INPUT: mlcanopy_inst__lwsoi_soil(1)
-3.26459912078714751E+001
# INPUT: mlcanopy_inst__lwup_canopy(1)
 4.63715520697858665E+002
# INPUT: mlcanopy_inst__lwupw_profile(1,101)
 4.87271485316577809E+002
 0.00000000000000000E+000
 4.87183339077987966E+002
 4.86940714129137461E+002
 4.86505846125766936E+002
 4.85844211575515715E+002
 4.84944645109281282E+002
 4.83794186476800292E+002
 4.82406190506886162E+002
 4.80818790895892562E+002
 4.79043950651474006E+002
 4.77116087992229097E+002
 4.75057702309090246E+002
 4.72953892853930427E+002
 4.70798997025580547E+002
 4.68634902112811233E+002
 4.66492438915923572E+002
 4.64451511630242692E+002
 4.62613591138295305E+002
 4.62158039729881466E+002
 4.63715520697858665E+002
 0.00000000000000000E+000
 0.00000000000000000E+000
 0.00000000000000000E+000
 0.00000000000000000E+000
 0.00000000000000000E+000
 0.00000000000000000E+000
 0.00000000000000000E+000
 0.00000000000000000E+000
 0.00000000000000000E+000
 0.00000000000000000E+000
 0.00000000000000000E+000
 0.00000000000000000E+000
 0.00000000000000000E+000
 0.00000000000000000E+000
 0.00000000000000000E+000
 0.00000000000000000E+000
 0.00000000000000000E+000
 0.00000000000000000E+000
 0.00000000000000000E+000
 0.00000000000000000E+000
 0.00000000000000000E+000
 0.00000000000000000E+000
 0.00000000000000000E+000
 0.00000000000000000E+000
 0.00000000000000000E+000
 0.00000000000000000E+000
 1.00000000000000004E+036
 1.00000000000000004E+036
 1.00000000000000004E+036
 1.00000000000000004E+036
 1.00000000000000004E+036
 1.00000000000000004E+036
 1.00000000000000004E+036
 1.00000000000000004E+036
 1.00000000000000004E+036
 1.00000000000000004E+036
 1.00000000000000004E+036
 1.00000000000000004E+036
 1.00000000000000004E+036
 1.00000000000000004E+036
 1.00000000000000004E+036
 1.00000000000000004E+036
 1.00000000000000004E+036
 1.00000000000000004E+036
 1.00000000000000004E+036
 1.00000000000000004E+036
 1.00000000000000004E+036
 1.00000000000000004E+036
 1.00000000000000004E+036
 1.00000000000000004E+036
 1.00000000000000004E+036
 1.00000000000000004E+036
 1.00000000000000004E+036
 1.00000000000000004E+036
 1.00000000000000004E+036
 1.00000000000000004E+036
 1.00000000000000004E+036
 1.00000000000000004E+036
 1.00000000000000004E+036
 1.00000000000000004E+036
 1.00000000000000004E+036
 1.00000000000000004E+036
 1.00000000000000004E+036
 1.00000000000000004E+036
 1.00000000000000004E+036
 1.00000000000000004E+036
 1.00000000000000004E+036
 1.00000000000000004E+036
 1.00000000000000004E+036
 1.00000000000000004E+036
 1.00000000000000004E+036
 1.00000000000000004E+036
 1.00000000000000004E+036
 1.00000000000000004E+036
 1.00000000000000004E+036
 1.00000000000000004E+036
 1.00000000000000004E+036
 1.00000000000000004E+036
 1.00000000000000004E+036
 1.00000000000000004E+036
# INPUT: mlcanopy_inst__lwveg_canopy(1)
-8.03506319883641709E+001
# INPUT: mlcanopy_inst__nbot_canopy(1)
2
# INPUT: mlcanopy_inst__ncan_canopy(1)
46
# INPUT: mlcanopy_inst__ntop_canopy(1)
20
# INPUT: mlcanopy_inst__td_profile(1,100)
 0.00000000000000000E+000
 9.89179264478177500E-001
 9.77482279053172864E-001
 9.64858125781513420E-001
 9.51562909784709698E-001
 9.37828625670691585E-001
 9.23866863225882518E-001
 9.09876128797868389E-001
 8.96048812983415099E-001
 8.82578168912978245E-001
 8.69666519417642614E-001
 8.57535851831479290E-001
 8.46443286808299167E-001
 8.36705676095154338E-001
 8.28742044051170912E-001
 8.23154357177516172E-001
 8.20901673205141402E-001
 8.23748437991096205E-001
 8.35831047174802277E-001
 8.77561723503765378E-001
 0.00000000000000000E+000
 0.00000000000000000E+000
 0.00000000000000000E+000
 0.00000000000000000E+000
 0.00000000000000000E+000
 0.00000000000000000E+000
 0.00000000000000000E+000
 0.00000000000000000E+000
 0.00000000000000000E+000
 0.00000000000000000E+000
 0.00000000000000000E+000
 0.00000000000000000E+000
 0.00000000000000000E+000
 0.00000000000000000E+000
 0.00000000000000000E+000
 0.00000000000000000E+000
 0.00000000000000000E+000
 0.00000000000000000E+000
 0.00000000000000000E+000
 0.00000000000000000E+000
 0.00000000000000000E+000
 0.00000000000000000E+000
 0.00000000000000000E+000
 0.00000000000000000E+000
 0.00000000000000000E+000
 0.00000000000000000E+000
 1.00000000000000004E+036
 1.00000000000000004E+036
 1.00000000000000004E+036
 1.00000000000000004E+036
 1.00000000000000004E+036
 1.00000000000000004E+036
 1.00000000000000004E+036
 1.00000000000000004E+036
 1.00000000000000004E+036
 1.00000000000000004E+036
 1.00000000000000004E+036
 1.00000000000000004E+036
 1.00000000000000004E+036
 1.00000000000000004E+036
 1.00000000000000004E+036
 1.00000000000000004E+036
 1.00000000000000004E+036
 1.00000000000000004E+036
 1.00000000000000004E+036
 1.00000000000000004E+036
 1.00000000000000004E+036
 1.00000000000000004E+036
 1.00000000000000004E+036
 1.00000000000000004E+036
 1.00000000000000004E+036
 1.00000000000000004E+036
 1.00000000000000004E+036
 1.00000000000000004E+036
 1.00000000000000004E+036
 1.00000000000000004E+036
 1.00000000000000004E+036
 1.00000000000000004E+036
 1.00000000000000004E+036
 1.00000000000000004E+036
 1.00000000000000004E+036
 1.00000000000000004E+036
 1.00000000000000004E+036
 1.00000000000000004E+036
 1.00000000000000004E+036
 1.00000000000000004E+036
 1.00000000000000004E+036
 1.00000000000000004E+036
 1.00000000000000004E+036
 1.00000000000000004E+036
 1.00000000000000004E+036
 1.00000000000000004E+036
 1.00000000000000004E+036
 1.00000000000000004E+036
 1.00000000000000004E+036
 1.00000000000000004E+036
 1.00000000000000004E+036
 1.00000000000000004E+036
 1.00000000000000004E+036
 1.00000000000000004E+036
# INPUT: mlcanopy_inst__tg_soil(1)
 3.04681747749513761E+002
# INPUT: mlcanopy_inst__tleaf_leaf(1,100,2)
 3.02155160610837697E+002
 3.08024753972260214E+002
 3.06495599103197264E+002
 3.05361862457453071E+002
 3.04495542887876070E+002
 3.03797649353544102E+002
 3.03207018793077509E+002
 3.02684358994459274E+002
 3.02218353658037529E+002
 3.01798334896830283E+002
 3.01418072979811200E+002
 3.01075117628806595E+002
 3.00843208457763808E+002
 3.00496966460682700E+002
 3.00151145734273427E+002
 2.99849480869444392E+002
 2.99626877983136637E+002
 2.99491645583997524E+002
 3.00082129775436272E+002
 3.01120412009102893E+002
 3.01206847488698486E+002
 3.01264759863931488E+002
 3.01318144669036997E+002
 3.01368367233041681E+002
 3.01416370079291482E+002
 3.01462587098206200E+002
 3.01507426021923607E+002
 3.01551066449453401E+002
 3.01593696856838960E+002
 3.01635436537720068E+002
 3.01676374816493478E+002
 3.01716595734511770E+002
 3.01756138835335832E+002
 3.01795070822480852E+002
 3.01833414754974115E+002
 3.01871213813441898E+002
 3.01908491283721503E+002
 3.01945272701250587E+002
 3.01981582860397339E+002
 3.02017434629781178E+002
 3.02052853685683601E+002
 3.02087848781934895E+002
 3.02122439531406371E+002
 3.02156635626973355E+002
 3.02190451815263657E+002
 3.02223900377873576E+002
 1.00000000000000004E+036
 1.00000000000000004E+036
 1.00000000000000004E+036
 1.00000000000000004E+036
 1.00000000000000004E+036
 1.00000000000000004E+036
 1.00000000000000004E+036
 1.00000000000000004E+036
 1.00000000000000004E+036
 1.00000000000000004E+036
 1.00000000000000004E+036
 1.00000000000000004E+036
 1.00000000000000004E+036
 1.00000000000000004E+036
 1.00000000000000004E+036
 1.00000000000000004E+036
 1.00000000000000004E+036
 1.00000000000000004E+036
 1.00000000000000004E+036
 1.00000000000000004E+036
 1.00000000000000004E+036
 1.00000000000000004E+036
 1.00000000000000004E+036
 1.00000000000000004E+036
 1.00000000000000004E+036
 1.00000000000000004E+036
 1.00000000000000004E+036
 1.00000000000000004E+036
 1.00000000000000004E+036
 1.00000000000000004E+036
 1.00000000000000004E+036
 1.00000000000000004E+036
 1.00000000000000004E+036
 1.00000000000000004E+036
 1.00000000000000004E+036
 1.00000000000000004E+036
 1.00000000000000004E+036
 1.00000000000000004E+036
 1.00000000000000004E+036
 1.00000000000000004E+036
 1.00000000000000004E+036
 1.00000000000000004E+036
 1.00000000000000004E+036
 1.00000000000000004E+036
 1.00000000000000004E+036
 1.00000000000000004E+036
 1.00000000000000004E+036
 1.00000000000000004E+036
 1.00000000000000004E+036
 1.00000000000000004E+036
 1.00000000000000004E+036
 1.00000000000000004E+036
 1.00000000000000004E+036
 1.00000000000000004E+036
 3.02155160610837697E+002
 3.02621476673274799E+002
 3.02304184874356338E+002
 3.02080097163687583E+002
 3.01871448274636293E+002
 3.01686841724578926E+002
 3.01479551355102160E+002
 3.01302143120977178E+002
 3.01111569372647466E+002
 3.00906601875169883E+002
 3.00693389842049100E+002
 3.00465345316561923E+002
 3.00228695107655653E+002
 2.99995111173095836E+002
 2.99764181841711888E+002
 2.99507311073621679E+002
 2.99246863234693080E+002
 2.98967197106168783E+002
 2.98646148393782994E+002
 2.98361044442855587E+002
 3.01206847488698486E+002
 3.01264759863931488E+002
 3.01318144669036997E+002
 3.01368367233041681E+002
 3.01416370079291482E+002
 3.01462587098206200E+002
 3.01507426021923607E+002
 3.01551066449453401E+002
 3.01593696856838960E+002
 3.01635436537720068E+002
 3.01676374816493478E+002
 3.01716595734511770E+002
 3.01756138835335832E+002
 3.01795070822480852E+002
 3.01833414754974115E+002
 3.01871213813441898E+002
 3.01908491283721503E+002
 3.01945272701250587E+002
 3.01981582860397339E+002
 3.02017434629781178E+002
 3.02052853685683601E+002
 3.02087848781934895E+002
 3.02122439531406371E+002
 3.02156635626973355E+002
 3.02190451815263657E+002
 3.02223900377873576E+002
 1.00000000000000004E+036
 1.00000000000000004E+036
 1.00000000000000004E+036
 1.00000000000000004E+036
 1.00000000000000004E+036
 1.00000000000000004E+036
 1.00000000000000004E+036
 1.00000000000000004E+036
 1.00000000000000004E+036
 1.00000000000000004E+036
 1.00000000000000004E+036
 1.00000000000000004E+036
 1.00000000000000004E+036
 1.00000000000000004E+036
 1.00000000000000004E+036
 1.00000000000000004E+036
 1.00000000000000004E+036
 1.00000000000000004E+036
 1.00000000000000004E+036
 1.00000000000000004E+036
 1.00000000000000004E+036
 1.00000000000000004E+036
 1.00000000000000004E+036
 1.00000000000000004E+036
 1.00000000000000004E+036
 1.00000000000000004E+036
 1.00000000000000004E+036
 1.00000000000000004E+036
 1.00000000000000004E+036
 1.00000000000000004E+036
 1.00000000000000004E+036
 1.00000000000000004E+036
 1.00000000000000004E+036
 1.00000000000000004E+036
 1.00000000000000004E+036
 1.00000000000000004E+036
 1.00000000000000004E+036
 1.00000000000000004E+036
 1.00000000000000004E+036
 1.00000000000000004E+036
 1.00000000000000004E+036
 1.00000000000000004E+036
 1.00000000000000004E+036
 1.00000000000000004E+036
 1.00000000000000004E+036
 1.00000000000000004E+036
 1.00000000000000004E+036
 1.00000000000000004E+036
 1.00000000000000004E+036
 1.00000000000000004E+036
 1.00000000000000004E+036
 1.00000000000000004E+036
 1.00000000000000004E+036
 1.00000000000000004E+036
# INPUT: mlpftcon__emleaf(79)
-9.99000000000000000E+002
 9.79999999999999982E-001
 9.79999999999999982E-001
 9.79999999999999982E-001
 9.79999999999999982E-001
 9.79999999999999982E-001
 9.79999999999999982E-001
 9.79999999999999982E-001
 9.79999999999999982E-001
 9.79999999999999982E-001
 9.79999999999999982E-001
 9.79999999999999982E-001
 9.79999999999999982E-001
 9.79999999999999982E-001
 9.79999999999999982E-001
 9.79999999999999982E-001
 9.79999999999999982E-001
-9.99000000000000000E+002
-9.99000000000000000E+002
-9.99000000000000000E+002
-9.99000000000000000E+002
-9.99000000000000000E+002
-9.99000000000000000E+002
-9.99000000000000000E+002
-9.99000000000000000E+002
-9.99000000000000000E+002
-9.99000000000000000E+002
-9.99000000000000000E+002
-9.99000000000000000E+002
-9.99000000000000000E+002
-9.99000000000000000E+002
-9.99000000000000000E+002
-9.99000000000000000E+002
-9.99000000000000000E+002
-9.99000000000000000E+002
-9.99000000000000000E+002
-9.99000000000000000E+002
-9.99000000000000000E+002
-9.99000000000000000E+002
-9.99000000000000000E+002
-9.99000000000000000E+002
-9.99000000000000000E+002
-9.99000000000000000E+002
-9.99000000000000000E+002
-9.99000000000000000E+002
-9.99000000000000000E+002
-9.99000000000000000E+002
-9.99000000000000000E+002
-9.99000000000000000E+002
-9.99000000000000000E+002
-9.99000000000000000E+002
-9.99000000000000000E+002
-9.99000000000000000E+002
-9.99000000000000000E+002
-9.99000000000000000E+002
-9.99000000000000000E+002
-9.99000000000000000E+002
-9.99000000000000000E+002
-9.99000000000000000E+002
-9.99000000000000000E+002
-9.99000000000000000E+002
-9.99000000000000000E+002
-9.99000000000000000E+002
-9.99000000000000000E+002
-9.99000000000000000E+002
-9.99000000000000000E+002
-9.99000000000000000E+002
-9.99000000000000000E+002
-9.99000000000000000E+002
-9.99000000000000000E+002
-9.99000000000000000E+002
-9.99000000000000000E+002
-9.99000000000000000E+002
-9.99000000000000000E+002
-9.99000000000000000E+002
-9.99000000000000000E+002
-9.99000000000000000E+002
-9.99000000000000000E+002
-9.99000000000000000E+002
# INPUT: patch__itype(1)
7
# INPUT: clm_varcon__sb
 5.66999999999999982E-008
# INPUT: mlclm_varcon__emg
 9.59999999999999964E-001
# INPUT: mlclm_varctl__longwave_type
1
# OUTPUT: mlcanopy_inst__lwdwn_profile(1,101)
 4.53991210760374088E+002
 0.00000000000000000E+000
 4.53717275090970361E+002
 4.53195231523703114E+002
 4.52419362797427311E+002
 4.51378482813817755E+002
 4.50046546806101105E+002
 4.48401382104806544E+002
 4.46386503051326144E+002
 4.43945206207277806E+002
 4.41002770049435640E+002
 4.37455872520873527E+002
 4.33173588047509838E+002
 4.27959744861731451E+002
 4.21621169326514064E+002
 4.13909248629297508E+002
 4.04561486215014156E+002
 3.93307661505663418E+002
 3.80048717441939516E+002
 3.64714066824053589E+002
 3.50718897501628817E+002
 0.00000000000000000E+000
 0.00000000000000000E+000
 0.00000000000000000E+000
 0.00000000000000000E+000
 0.00000000000000000E+000
 0.00000000000000000E+000
 0.00000000000000000E+000
 0.00000000000000000E+000
 0.00000000000000000E+000
 0.00000000000000000E+000
 0.00000000000000000E+000
 0.00000000000000000E+000
 0.00000000000000000E+000
 0.00000000000000000E+000
 0.00000000000000000E+000
 0.00000000000000000E+000
 0.00000000000000000E+000
 0.00000000000000000E+000
 0.00000000000000000E+000
 0.00000000000000000E+000
 0.00000000000000000E+000
 0.00000000000000000E+000
 0.00000000000000000E+000
 0.00000000000000000E+000
 0.00000000000000000E+000
 0.00000000000000000E+000
 1.00000000000000004E+036
 1.00000000000000004E+036
 1.00000000000000004E+036
 1.00000000000000004E+036
 1.00000000000000004E+036
 1.00000000000000004E+036
 1.00000000000000004E+036
 1.00000000000000004E+036
 1.00000000000000004E+036
 1.00000000000000004E+036
 1.00000000000000004E+036
 1.00000000000000004E+036
 1.00000000000000004E+036
 1.00000000000000004E+036
 1.00000000000000004E+036
 1.00000000000000004E+036
 1.00000000000000004E+036
 1.00000000000000004E+036
 1.00000000000000004E+036
 1.00000000000000004E+036
 1.00000000000000004E+036
 1.00000000000000004E+036
 1.00000000000000004E+036
 1.00000000000000004E+036
 1.00000000000000004E+036
 1.00000000000000004E+036
 1.00000000000000004E+036
 1.00000000000000004E+036
 1.00000000000000004E+036
 1.00000000000000004E+036
 1.00000000000000004E+036
 1.00000000000000004E+036
 1.00000000000000004E+036
 1.00000000000000004E+036
 1.00000000000000004E+036
 1.00000000000000004E+036
 1.00000000000000004E+036
 1.00000000000000004E+036
 1.00000000000000004E+036
 1.00000000000000004E+036
 1.00000000000000004E+036
 1.00000000000000004E+036
 1.00000000000000004E+036
 1.00000000000000004E+036
 1.00000000000000004E+036
 1.00000000000000004E+036
 1.00000000000000004E+036
 1.00000000000000004E+036
 1.00000000000000004E+036
 1.00000000000000004E+036
 1.00000000000000004E+036
 1.00000000000000004E+036
 1.00000000000000004E+036
 1.00000000000000004E+036
# OUTPUT: mlcanopy_inst__lwleaf_leaf(1,100,2)
 0.00000000000000000E+000
-9.96698061385825795E+000
-8.48780432955208575E+000
-6.92446559276032403E+000
-5.72305352656063349E+000
-5.17302387490148696E+000
-4.91765233369269339E+000
-5.44981685133231419E+000
-6.41858333815716176E+000
-7.85154619123824560E+000
-9.85877938395482367E+000
-1.24717545757077541E+001
-1.60738916782971728E+001
-2.03222040297082209E+001
-2.56156282173135850E+001
-3.21407051098873922E+001
-4.05339649886627242E+001
-5.11416344208952580E+001
-6.93669635548831423E+001
-9.33355606466583367E+001
 0.00000000000000000E+000
 0.00000000000000000E+000
 0.00000000000000000E+000
 0.00000000000000000E+000
 0.00000000000000000E+000
 0.00000000000000000E+000
 0.00000000000000000E+000
 0.00000000000000000E+000
 0.00000000000000000E+000
 0.00000000000000000E+000
 0.00000000000000000E+000
 0.00000000000000000E+000
 0.00000000000000000E+000
 0.00000000000000000E+000
 0.00000000000000000E+000
 0.00000000000000000E+000
 0.00000000000000000E+000
 0.00000000000000000E+000
 0.00000000000000000E+000
 0.00000000000000000E+000
 0.00000000000000000E+000
 0.00000000000000000E+000
 0.00000000000000000E+000
 0.00000000000000000E+000
 0.00000000000000000E+000
 0.00000000000000000E+000
 1.00000000000000004E+036
 1.00000000000000004E+036
 1.00000000000000004E+036
 1.00000000000000004E+036
 1.00000000000000004E+036
 1.00000000000000004E+036
 1.00000000000000004E+036
 1.00000000000000004E+036
 1.00000000000000004E+036
 1.00000000000000004E+036
 1.00000000000000004E+036
 1.00000000000000004E+036
 1.00000000000000004E+036
 1.00000000000000004E+036
 1.00000000000000004E+036
 1.00000000000000004E+036
 1.00000000000000004E+036
 1.00000000000000004E+036
 1.00000000000000004E+036
 1.00000000000000004E+036
 1.00000000000000004E+036
 1.00000000000000004E+036
 1.00000000000000004E+036
 1.00000000000000004E+036
 1.00000000000000004E+036
 1.00000000000000004E+036
 1.00000000000000004E+036
 1.00000000000000004E+036
 1.00000000000000004E+036
 1.00000000000000004E+036
 1.00000000000000004E+036
 1.00000000000000004E+036
 1.00000000000000004E+036
 1.00000000000000004E+036
 1.00000000000000004E+036
 1.00000000000000004E+036
 1.00000000000000004E+036
 1.00000000000000004E+036
 1.00000000000000004E+036
 1.00000000000000004E+036
 1.00000000000000004E+036
 1.00000000000000004E+036
 1.00000000000000004E+036
 1.00000000000000004E+036
 1.00000000000000004E+036
 1.00000000000000004E+036
 1.00000000000000004E+036
 1.00000000000000004E+036
 1.00000000000000004E+036
 1.00000000000000004E+036
 1.00000000000000004E+036
 1.00000000000000004E+036
 1.00000000000000004E+036
 1.00000000000000004E+036
 0.00000000000000000E+000
-9.96698061385825795E+000
-8.48780432955208575E+000
-6.92446559276032403E+000
-5.72305352656063349E+000
-5.17302387490148696E+000
-4.91765233369269339E+000
-5.44981685133231419E+000
-6.41858333815716176E+000
-7.85154619123824560E+000
-9.85877938395482367E+000
-1.24717545757077541E+001
-1.60738916782971728E+001
-2.03222040297082209E+001
-2.56156282173135850E+001
-3.21407051098873922E+001
-4.05339649886627242E+001
-5.11416344208952580E+001
-6.93669635548831423E+001
-9.33355606466583367E+001
 0.00000000000000000E+000
 0.00000000000000000E+000
 0.00000000000000000E+000
 0.00000000000000000E+000
 0.00000000000000000E+000
 0.00000000000000000E+000
 0.00000000000000000E+000
 0.00000000000000000E+000
 0.00000000000000000E+000
 0.00000000000000000E+000
 0.00000000000000000E+000
 0.00000000000000000E+000
 0.00000000000000000E+000
 0.00000000000000000E+000
 0.00000000000000000E+000
 0.00000000000000000E+000
 0.00000000000000000E+000
 0.00000000000000000E+000
 0.00000000000000000E+000
 0.00000000000000000E+000
 0.00000000000000000E+000
 0.00000000000000000E+000
 0.00000000000000000E+000
 0.00000000000000000E+000
 0.00000000000000000E+000
 0.00000000000000000E+000
 1.00000000000000004E+036
 1.00000000000000004E+036
 1.00000000000000004E+036
 1.00000000000000004E+036
 1.00000000000000004E+036
 1.00000000000000004E+036
 1.00000000000000004E+036
 1.00000000000000004E+036
 1.00000000000000004E+036
 1.00000000000000004E+036
 1.00000000000000004E+036
 1.00000000000000004E+036
 1.00000000000000004E+036
 1.00000000000000004E+036
 1.00000000000000004E+036
 1.00000000000000004E+036
 1.00000000000000004E+036
 1.00000000000000004E+036
 1.00000000000000004E+036
 1.00000000000000004E+036
 1.00000000000000004E+036
 1.00000000000000004E+036
 1.00000000000000004E+036
 1.00000000000000004E+036
 1.00000000000000004E+036
 1.00000000000000004E+036
 1.00000000000000004E+036
 1.00000000000000004E+036
 1.00000000000000004E+036
 1.00000000000000004E+036
 1.00000000000000004E+036
 1.00000000000000004E+036
 1.00000000000000004E+036
 1.00000000000000004E+036
 1.00000000000000004E+036
 1.00000000000000004E+036
 1.00000000000000004E+036
 1.00000000000000004E+036
 1.00000000000000004E+036
 1.00000000000000004E+036
 1.00000000000000004E+036
 1.00000000000000004E+036
 1.00000000000000004E+036
 1.00000000000000004E+036
 1.00000000000000004E+036
 1.00000000000000004E+036
 1.00000000000000004E+036
 1.00000000000000004E+036
 1.00000000000000004E+036
 1.00000000000000004E+036
 1.00000000000000004E+036
 1.00000000000000004E+036
 1.00000000000000004E+036
 1.00000000000000004E+036
# OUTPUT: mlcanopy_inst__lwsoi_soil(1)
-3.32410154785736154E+001
# OUTPUT: mlcanopy_inst__lwup_canopy(1)
 4.61450660752885881E+002
# OUTPUT: mlcanopy_inst__lwupw_profile(1,101)
 4.87232226238947703E+002
 0.00000000000000000E+000
 4.87136252357504816E+002
 4.86878736000273250E+002
 4.86419418428634515E+002
 4.85729071833449325E+002
 4.84798207588266507E+002
 4.83616947707032409E+002
 4.82209367925586719E+002
 4.80593507638204073E+002
 4.78794150556251964E+002
 4.76845531194027615E+002
 4.74781695764570372E+002
 4.72661917566772217E+002
 4.70499135336990662E+002
 4.68325758342773781E+002
 4.66171558389645895E+002
 4.64114585043005889E+002
 4.62260453820886653E+002
 4.61260734469522617E+002
 4.61450660752885881E+002
 0.00000000000000000E+000
 0.00000000000000000E+000
 0.00000000000000000E+000
 0.00000000000000000E+000
 0.00000000000000000E+000
 0.00000000000000000E+000
 0.00000000000000000E+000
 0.00000000000000000E+000
 0.00000000000000000E+000
 0.00000000000000000E+000
 0.00000000000000000E+000
 0.00000000000000000E+000
 0.00000000000000000E+000
 0.00000000000000000E+000
 0.00000000000000000E+000
 0.00000000000000000E+000
 0.00000000000000000E+000
 0.00000000000000000E+000
 0.00000000000000000E+000
 0.00000000000000000E+000
 0.00000000000000000E+000
 0.00000000000000000E+000
 0.00000000000000000E+000
 0.00000000000000000E+000
 0.00000000000000000E+000
 0.00000000000000000E+000
 1.00000000000000004E+036
 1.00000000000000004E+036
 1.00000000000000004E+036
 1.00000000000000004E+036
 1.00000000000000004E+036
 1.00000000000000004E+036
 1.00000000000000004E+036
 1.00000000000000004E+036
 1.00000000000000004E+036
 1.00000000000000004E+036
 1.00000000000000004E+036
 1.00000000000000004E+036
 1.00000000000000004E+036
 1.00000000000000004E+036
 1.00000000000000004E+036
 1.00000000000000004E+036
 1.00000000000000004E+036
 1.00000000000000004E+036
 1.00000000000000004E+036
 1.00000000000000004E+036
 1.00000000000000004E+036
 1.00000000000000004E+036
 1.00000000000000004E+036
 1.00000000000000004E+036
 1.00000000000000004E+036
 1.00000000000000004E+036
 1.00000000000000004E+036
 1.00000000000000004E+036
 1.00000000000000004E+036
 1.00000000000000004E+036
 1.00000000000000004E+036
 1.00000000000000004E+036
 1.00000000000000004E+036
 1.00000000000000004E+036
 1.00000000000000004E+036
 1.00000000000000004E+036
 1.00000000000000004E+036
 1.00000000000000004E+036
 1.00000000000000004E+036
 1.00000000000000004E+036
 1.00000000000000004E+036
 1.00000000000000004E+036
 1.00000000000000004E+036
 1.00000000000000004E+036
 1.00000000000000004E+036
 1.00000000000000004E+036
 1.00000000000000004E+036
 1.00000000000000004E+036
 1.00000000000000004E+036
 1.00000000000000004E+036
 1.00000000000000004E+036
 1.00000000000000004E+036
 1.00000000000000004E+036
 1.00000000000000004E+036
# OUTPUT: mlcanopy_inst__lwveg_canopy(1)
-7.74907477726960110E+001
