# PROBE mlplanthydraulicsmod.leafwaterpotential_flat: call=27
# num_filter = 1
# il = 1
# np_ = 1
# INPUT: filter(1)
1
# INPUT: mlcanopy_inst__dpai_profile(1,100)
 0.00000000000000000E+000
 1.78551353570273429E-002
 3.11655641162021727E-002
 4.57148859213814471E-002
 6.12493639624123037E-002
 7.75313959945820030E-002
 9.43346110262384407E-002
 1.11434803884834954E-001
 1.28601049978836285E-001
 1.45586493163041897E-001
 1.62117246374047785E-001
 1.77877862367811335E-001
 1.92490098223176753E-001
 2.05479351517816183E-001
 2.16217367616885509E-001
 2.23814705886579951E-001
 2.26892468212283621E-001
 2.23004465358848158E-001
 2.06653578762819423E-001
 1.51979540354245490E-001
 0.00000000000000000E+000
 0.00000000000000000E+000
 0.00000000000000000E+000
 0.00000000000000000E+000
 0.00000000000000000E+000
 0.00000000000000000E+000
 0.00000000000000000E+000
 0.00000000000000000E+000
 0.00000000000000000E+000
 0.00000000000000000E+000
 0.00000000000000000E+000
 0.00000000000000000E+000
 0.00000000000000000E+000
 0.00000000000000000E+000
 0.00000000000000000E+000
 0.00000000000000000E+000
 0.00000000000000000E+000
 0.00000000000000000E+000
 0.00000000000000000E+000
 0.00000000000000000E+000
 0.00000000000000000E+000
 0.00000000000000000E+000
 0.00000000000000000E+000
 0.00000000000000000E+000
 0.00000000000000000E+000
 0.00000000000000000E+000
 1.00000000000000004E+036
 1.00000000000000004E+036
 1.00000000000000004E+036
 1.00000000000000004E+036
 1.00000000000000004E+036
 1.00000000000000004E+036
 1.00000000000000004E+036
 1.00000000000000004E+036
 1.00000000000000004E+036
 1.00000000000000004E+036
 1.00000000000000004E+036
 1.00000000000000004E+036
 1.00000000000000004E+036
 1.00000000000000004E+036
 1.00000000000000004E+036
 1.00000000000000004E+036
 1.00000000000000004E+036
 1.00000000000000004E+036
 1.00000000000000004E+036
 1.00000000000000004E+036
 1.00000000000000004E+036
 1.00000000000000004E+036
 1.00000000000000004E+036
 1.00000000000000004E+036
 1.00000000000000004E+036
 1.00000000000000004E+036
 1.00000000000000004E+036
 1.00000000000000004E+036
 1.00000000000000004E+036
 1.00000000000000004E+036
 1.00000000000000004E+036
 1.00000000000000004E+036
 1.00000000000000004E+036
 1.00000000000000004E+036
 1.00000000000000004E+036
 1.00000000000000004E+036
 1.00000000000000004E+036
 1.00000000000000004E+036
 1.00000000000000004E+036
 1.00000000000000004E+036
 1.00000000000000004E+036
 1.00000000000000004E+036
 1.00000000000000004E+036
 1.00000000000000004E+036
 1.00000000000000004E+036
 1.00000000000000004E+036
 1.00000000000000004E+036
 1.00000000000000004E+036
 1.00000000000000004E+036
 1.00000000000000004E+036
 1.00000000000000004E+036
 1.00000000000000004E+036
 1.00000000000000004E+036
 1.00000000000000004E+036
# INPUT: mlcanopy_inst__lsc_profile(1,100)
 0.00000000000000000E+000
 4.44745916404445030E+000
 4.44745916404445030E+000
 4.44745916404445030E+000
 4.44745916404445030E+000
 4.44745916404445030E+000
 4.44745916404445030E+000
 4.44745916404445030E+000
 4.44745916404445030E+000
 4.44745916404445030E+000
 4.44745916404445030E+000
 4.44745916404445030E+000
 4.44745916404445030E+000
 4.44745916404445030E+000
 4.44745916404445030E+000
 4.44745916404445030E+000
 4.44745916404445030E+000
 4.44745916404445030E+000
 4.44745916404445030E+000
 4.44745916404445030E+000
 0.00000000000000000E+000
 0.00000000000000000E+000
 0.00000000000000000E+000
 0.00000000000000000E+000
 0.00000000000000000E+000
 0.00000000000000000E+000
 0.00000000000000000E+000
 0.00000000000000000E+000
 0.00000000000000000E+000
 0.00000000000000000E+000
 0.00000000000000000E+000
 0.00000000000000000E+000
 0.00000000000000000E+000
 0.00000000000000000E+000
 0.00000000000000000E+000
 0.00000000000000000E+000
 0.00000000000000000E+000
 0.00000000000000000E+000
 0.00000000000000000E+000
 0.00000000000000000E+000
 0.00000000000000000E+000
 0.00000000000000000E+000
 0.00000000000000000E+000
 0.00000000000000000E+000
 0.00000000000000000E+000
 0.00000000000000000E+000
 1.00000000000000004E+036
 1.00000000000000004E+036
 1.00000000000000004E+036
 1.00000000000000004E+036
 1.00000000000000004E+036
 1.00000000000000004E+036
 1.00000000000000004E+036
 1.00000000000000004E+036
 1.00000000000000004E+036
 1.00000000000000004E+036
 1.00000000000000004E+036
 1.00000000000000004E+036
 1.00000000000000004E+036
 1.00000000000000004E+036
 1.00000000000000004E+036
 1.00000000000000004E+036
 1.00000000000000004E+036
 1.00000000000000004E+036
 1.00000000000000004E+036
 1.00000000000000004E+036
 1.00000000000000004E+036
 1.00000000000000004E+036
 1.00000000000000004E+036
 1.00000000000000004E+036
 1.00000000000000004E+036
 1.00000000000000004E+036
 1.00000000000000004E+036
 1.00000000000000004E+036
 1.00000000000000004E+036
 1.00000000000000004E+036
 1.00000000000000004E+036
 1.00000000000000004E+036
 1.00000000000000004E+036
 1.00000000000000004E+036
 1.00000000000000004E+036
 1.00000000000000004E+036
 1.00000000000000004E+036
 1.00000000000000004E+036
 1.00000000000000004E+036
 1.00000000000000004E+036
 1.00000000000000004E+036
 1.00000000000000004E+036
 1.00000000000000004E+036
 1.00000000000000004E+036
 1.00000000000000004E+036
 1.00000000000000004E+036
 1.00000000000000004E+036
 1.00000000000000004E+036
 1.00000000000000004E+036
 1.00000000000000004E+036
 1.00000000000000004E+036
 1.00000000000000004E+036
 1.00000000000000004E+036
 1.00000000000000004E+036
# INPUT: mlcanopy_inst__lwp_bef_leaf(1,100,2)
 0.00000000000000000E+000
-4.14767943557605656E-001
-5.28750703782470355E-001
-6.13106048408393001E-001
-6.79012450810799972E-001
-7.35010107730517226E-001
-7.87394264676885003E-001
-8.37433175932539742E-001
-8.89168095565755601E-001
-9.43351882071611580E-001
-1.00176088281739961E+000
-1.06470811517581665E+000
-1.12221982653405128E+000
-1.20458041470910682E+000
-1.29606151376688561E+000
-1.39365066172286278E+000
-1.48266362563137544E+000
-1.52017240743996163E+000
-1.70093833927428140E+000
-1.79093061522830888E+000
 0.00000000000000000E+000
 0.00000000000000000E+000
 0.00000000000000000E+000
 0.00000000000000000E+000
 0.00000000000000000E+000
 0.00000000000000000E+000
 0.00000000000000000E+000
 0.00000000000000000E+000
 0.00000000000000000E+000
 0.00000000000000000E+000
 0.00000000000000000E+000
 0.00000000000000000E+000
 0.00000000000000000E+000
 0.00000000000000000E+000
 0.00000000000000000E+000
 0.00000000000000000E+000
 0.00000000000000000E+000
 0.00000000000000000E+000
 0.00000000000000000E+000
 0.00000000000000000E+000
 0.00000000000000000E+000
 0.00000000000000000E+000
 0.00000000000000000E+000
 0.00000000000000000E+000
 0.00000000000000000E+000
 0.00000000000000000E+000
 1.00000000000000004E+036
 1.00000000000000004E+036
 1.00000000000000004E+036
 1.00000000000000004E+036
 1.00000000000000004E+036
 1.00000000000000004E+036
 1.00000000000000004E+036
 1.00000000000000004E+036
 1.00000000000000004E+036
 1.00000000000000004E+036
 1.00000000000000004E+036
 1.00000000000000004E+036
 1.00000000000000004E+036
 1.00000000000000004E+036
 1.00000000000000004E+036
 1.00000000000000004E+036
 1.00000000000000004E+036
 1.00000000000000004E+036
 1.00000000000000004E+036
 1.00000000000000004E+036
 1.00000000000000004E+036
 1.00000000000000004E+036
 1.00000000000000004E+036
 1.00000000000000004E+036
 1.00000000000000004E+036
 1.00000000000000004E+036
 1.00000000000000004E+036
 1.00000000000000004E+036
 1.00000000000000004E+036
 1.00000000000000004E+036
 1.00000000000000004E+036
 1.00000000000000004E+036
 1.00000000000000004E+036
 1.00000000000000004E+036
 1.00000000000000004E+036
 1.00000000000000004E+036
 1.00000000000000004E+036
 1.00000000000000004E+036
 1.00000000000000004E+036
 1.00000000000000004E+036
 1.00000000000000004E+036
 1.00000000000000004E+036
 1.00000000000000004E+036
 1.00000000000000004E+036
 1.00000000000000004E+036
 1.00000000000000004E+036
 1.00000000000000004E+036
 1.00000000000000004E+036
 1.00000000000000004E+036
 1.00000000000000004E+036
 1.00000000000000004E+036
 1.00000000000000004E+036
 1.00000000000000004E+036
 1.00000000000000004E+036
 0.00000000000000000E+000
-2.11067903126496120E-001
-2.40645510783453698E-001
-2.62704600689512180E-001
-2.85085681930072887E-001
-3.06554660391415823E-001
-3.31176554291345737E-001
-3.56392447425796510E-001
-3.84079470580723947E-001
-4.18467948888724350E-001
-4.60214526939021651E-001
-5.09818819911328935E-001
-5.71014383864317909E-001
-6.43248221789204488E-001
-7.28892342660279691E-001
-8.24622102507542087E-001
-9.32527624428694413E-001
-1.05006578826096542E+000
-1.21224436359407495E+000
-1.32452746610865502E+000
 0.00000000000000000E+000
 0.00000000000000000E+000
 0.00000000000000000E+000
 0.00000000000000000E+000
 0.00000000000000000E+000
 0.00000000000000000E+000
 0.00000000000000000E+000
 0.00000000000000000E+000
 0.00000000000000000E+000
 0.00000000000000000E+000
 0.00000000000000000E+000
 0.00000000000000000E+000
 0.00000000000000000E+000
 0.00000000000000000E+000
 0.00000000000000000E+000
 0.00000000000000000E+000
 0.00000000000000000E+000
 0.00000000000000000E+000
 0.00000000000000000E+000
 0.00000000000000000E+000
 0.00000000000000000E+000
 0.00000000000000000E+000
 0.00000000000000000E+000
 0.00000000000000000E+000
 0.00000000000000000E+000
 0.00000000000000000E+000
 1.00000000000000004E+036
 1.00000000000000004E+036
 1.00000000000000004E+036
 1.00000000000000004E+036
 1.00000000000000004E+036
 1.00000000000000004E+036
 1.00000000000000004E+036
 1.00000000000000004E+036
 1.00000000000000004E+036
 1.00000000000000004E+036
 1.00000000000000004E+036
 1.00000000000000004E+036
 1.00000000000000004E+036
 1.00000000000000004E+036
 1.00000000000000004E+036
 1.00000000000000004E+036
 1.00000000000000004E+036
 1.00000000000000004E+036
 1.00000000000000004E+036
 1.00000000000000004E+036
 1.00000000000000004E+036
 1.00000000000000004E+036
 1.00000000000000004E+036
 1.00000000000000004E+036
 1.00000000000000004E+036
 1.00000000000000004E+036
 1.00000000000000004E+036
 1.00000000000000004E+036
 1.00000000000000004E+036
 1.00000000000000004E+036
 1.00000000000000004E+036
 1.00000000000000004E+036
 1.00000000000000004E+036
 1.00000000000000004E+036
 1.00000000000000004E+036
 1.00000000000000004E+036
 1.00000000000000004E+036
 1.00000000000000004E+036
 1.00000000000000004E+036
 1.00000000000000004E+036
 1.00000000000000004E+036
 1.00000000000000004E+036
 1.00000000000000004E+036
 1.00000000000000004E+036
 1.00000000000000004E+036
 1.00000000000000004E+036
 1.00000000000000004E+036
 1.00000000000000004E+036
 1.00000000000000004E+036
 1.00000000000000004E+036
 1.00000000000000004E+036
 1.00000000000000004E+036
 1.00000000000000004E+036
 1.00000000000000004E+036
# INPUT: mlcanopy_inst__lwp_leaf(1,100,2)
 0.00000000000000000E+000
-4.55528164459461427E-001
-5.85076042423874676E-001
-6.76547660968472409E-001
-7.47408579746972612E-001
-8.06626231279757300E-001
-8.60461329587658863E-001
-9.11570458073250323E-001
-9.62875867521096107E-001
-1.01536469523143347E+000
-1.07162294619246423E+000
-1.13063438471688626E+000
-1.18523720180285475E+000
-1.25322247237862494E+000
-1.33861895803425424E+000
-1.42885686208078866E+000
-1.50655452171554760E+000
-1.54555932943236529E+000
-1.22943677949153862E+000
-1.16992019338666564E+000
 0.00000000000000000E+000
 0.00000000000000000E+000
 0.00000000000000000E+000
 0.00000000000000000E+000
 0.00000000000000000E+000
 0.00000000000000000E+000
 0.00000000000000000E+000
 0.00000000000000000E+000
 0.00000000000000000E+000
 0.00000000000000000E+000
 0.00000000000000000E+000
 0.00000000000000000E+000
 0.00000000000000000E+000
 0.00000000000000000E+000
 0.00000000000000000E+000
 0.00000000000000000E+000
 0.00000000000000000E+000
 0.00000000000000000E+000
 0.00000000000000000E+000
 0.00000000000000000E+000
 0.00000000000000000E+000
 0.00000000000000000E+000
 0.00000000000000000E+000
 0.00000000000000000E+000
 0.00000000000000000E+000
 0.00000000000000000E+000
-1.00000000000000006E-001
-1.00000000000000006E-001
-1.00000000000000006E-001
-1.00000000000000006E-001
-1.00000000000000006E-001
-1.00000000000000006E-001
-1.00000000000000006E-001
-1.00000000000000006E-001
-1.00000000000000006E-001
-1.00000000000000006E-001
-1.00000000000000006E-001
-1.00000000000000006E-001
-1.00000000000000006E-001
-1.00000000000000006E-001
-1.00000000000000006E-001
-1.00000000000000006E-001
-1.00000000000000006E-001
-1.00000000000000006E-001
-1.00000000000000006E-001
-1.00000000000000006E-001
-1.00000000000000006E-001
-1.00000000000000006E-001
-1.00000000000000006E-001
-1.00000000000000006E-001
-1.00000000000000006E-001
-1.00000000000000006E-001
-1.00000000000000006E-001
-1.00000000000000006E-001
-1.00000000000000006E-001
-1.00000000000000006E-001
-1.00000000000000006E-001
-1.00000000000000006E-001
-1.00000000000000006E-001
-1.00000000000000006E-001
-1.00000000000000006E-001
-1.00000000000000006E-001
-1.00000000000000006E-001
-1.00000000000000006E-001
-1.00000000000000006E-001
-1.00000000000000006E-001
-1.00000000000000006E-001
-1.00000000000000006E-001
-1.00000000000000006E-001
-1.00000000000000006E-001
-1.00000000000000006E-001
-1.00000000000000006E-001
-1.00000000000000006E-001
-1.00000000000000006E-001
-1.00000000000000006E-001
-1.00000000000000006E-001
-1.00000000000000006E-001
-1.00000000000000006E-001
-1.00000000000000006E-001
-1.00000000000000006E-001
 0.00000000000000000E+000
-2.04978358813193096E-001
-2.30351803371740715E-001
-2.51272119687546092E-001
-2.71577247417045142E-001
-2.90826172432754437E-001
-3.13583334267105995E-001
-3.34330499357329725E-001
-3.60146160462565423E-001
-3.90571381618958491E-001
-4.27466368705025579E-001
-4.71129878219345100E-001
-5.25645689992479626E-001
-5.90632394812988792E-001
-6.67384019143694829E-001
-7.56980271759254308E-001
-8.58295321553020796E-001
-9.71833336001816206E-001
-1.12018634552018703E+000
-1.23345802020367201E+000
 0.00000000000000000E+000
 0.00000000000000000E+000
 0.00000000000000000E+000
 0.00000000000000000E+000
 0.00000000000000000E+000
 0.00000000000000000E+000
 0.00000000000000000E+000
 0.00000000000000000E+000
 0.00000000000000000E+000
 0.00000000000000000E+000
 0.00000000000000000E+000
 0.00000000000000000E+000
 0.00000000000000000E+000
 0.00000000000000000E+000
 0.00000000000000000E+000
 0.00000000000000000E+000
 0.00000000000000000E+000
 0.00000000000000000E+000
 0.00000000000000000E+000
 0.00000000000000000E+000
 0.00000000000000000E+000
 0.00000000000000000E+000
 0.00000000000000000E+000
 0.00000000000000000E+000
 0.00000000000000000E+000
 0.00000000000000000E+000
-1.00000000000000006E-001
-1.00000000000000006E-001
-1.00000000000000006E-001
-1.00000000000000006E-001
-1.00000000000000006E-001
-1.00000000000000006E-001
-1.00000000000000006E-001
-1.00000000000000006E-001
-1.00000000000000006E-001
-1.00000000000000006E-001
-1.00000000000000006E-001
-1.00000000000000006E-001
-1.00000000000000006E-001
-1.00000000000000006E-001
-1.00000000000000006E-001
-1.00000000000000006E-001
-1.00000000000000006E-001
-1.00000000000000006E-001
-1.00000000000000006E-001
-1.00000000000000006E-001
-1.00000000000000006E-001
-1.00000000000000006E-001
-1.00000000000000006E-001
-1.00000000000000006E-001
-1.00000000000000006E-001
-1.00000000000000006E-001
-1.00000000000000006E-001
-1.00000000000000006E-001
-1.00000000000000006E-001
-1.00000000000000006E-001
-1.00000000000000006E-001
-1.00000000000000006E-001
-1.00000000000000006E-001
-1.00000000000000006E-001
-1.00000000000000006E-001
-1.00000000000000006E-001
-1.00000000000000006E-001
-1.00000000000000006E-001
-1.00000000000000006E-001
-1.00000000000000006E-001
-1.00000000000000006E-001
-1.00000000000000006E-001
-1.00000000000000006E-001
-1.00000000000000006E-001
-1.00000000000000006E-001
-1.00000000000000006E-001
-1.00000000000000006E-001
-1.00000000000000006E-001
-1.00000000000000006E-001
-1.00000000000000006E-001
-1.00000000000000006E-001
-1.00000000000000006E-001
-1.00000000000000006E-001
-1.00000000000000006E-001
# INPUT: mlcanopy_inst__ncan_canopy(1)
46
# INPUT: mlcanopy_inst__psis_soil(1)
-1.28468907566418322E-001
# INPUT: mlcanopy_inst__trleaf_leaf(1,100,2)
 0.00000000000000000E+000
 1.48024300527012571E-003
 2.15641223818854606E-003
 2.66116474341201829E-003
 3.04230684018247984E-003
 3.36728449017788777E-003
 3.64422304609034881E-003
 3.89014972039508980E-003
 4.13975019592215197E-003
 4.39102207904050468E-003
 4.63656525740715423E-003
 4.89118466563955804E-003
 5.09365178032054975E-003
 5.35177651365488765E-003
 5.68709510401658840E-003
 6.02479555057341531E-003
 6.19952837188486074E-003
 6.19936864628426593E-003
 6.22294592700523962E-003
 6.20187496944367769E-003
 0.00000000000000000E+000
 0.00000000000000000E+000
 0.00000000000000000E+000
 0.00000000000000000E+000
 0.00000000000000000E+000
 0.00000000000000000E+000
 0.00000000000000000E+000
 0.00000000000000000E+000
 0.00000000000000000E+000
 0.00000000000000000E+000
 0.00000000000000000E+000
 0.00000000000000000E+000
 0.00000000000000000E+000
 0.00000000000000000E+000
 0.00000000000000000E+000
 0.00000000000000000E+000
 0.00000000000000000E+000
 0.00000000000000000E+000
 0.00000000000000000E+000
 0.00000000000000000E+000
 0.00000000000000000E+000
 0.00000000000000000E+000
 0.00000000000000000E+000
 0.00000000000000000E+000
 0.00000000000000000E+000
 0.00000000000000000E+000
 1.00000000000000004E+036
 1.00000000000000004E+036
 1.00000000000000004E+036
 1.00000000000000004E+036
 1.00000000000000004E+036
 1.00000000000000004E+036
 1.00000000000000004E+036
 1.00000000000000004E+036
 1.00000000000000004E+036
 1.00000000000000004E+036
 1.00000000000000004E+036
 1.00000000000000004E+036
 1.00000000000000004E+036
 1.00000000000000004E+036
 1.00000000000000004E+036
 1.00000000000000004E+036
 1.00000000000000004E+036
 1.00000000000000004E+036
 1.00000000000000004E+036
 1.00000000000000004E+036
 1.00000000000000004E+036
 1.00000000000000004E+036
 1.00000000000000004E+036
 1.00000000000000004E+036
 1.00000000000000004E+036
 1.00000000000000004E+036
 1.00000000000000004E+036
 1.00000000000000004E+036
 1.00000000000000004E+036
 1.00000000000000004E+036
 1.00000000000000004E+036
 1.00000000000000004E+036
 1.00000000000000004E+036
 1.00000000000000004E+036
 1.00000000000000004E+036
 1.00000000000000004E+036
 1.00000000000000004E+036
 1.00000000000000004E+036
 1.00000000000000004E+036
 1.00000000000000004E+036
 1.00000000000000004E+036
 1.00000000000000004E+036
 1.00000000000000004E+036
 1.00000000000000004E+036
 1.00000000000000004E+036
 1.00000000000000004E+036
 1.00000000000000004E+036
 1.00000000000000004E+036
 1.00000000000000004E+036
 1.00000000000000004E+036
 1.00000000000000004E+036
 1.00000000000000004E+036
 1.00000000000000004E+036
 1.00000000000000004E+036
 0.00000000000000000E+000
 2.58457455158669187E-004
 3.40036533351298722E-004
 4.07730901203219554E-004
 4.66949569444158959E-004
 5.20821415532752283E-004
 5.71047133357360293E-004
 6.41735215407230296E-004
 7.34159059629634308E-004
 8.30942985181707793E-004
 9.52658878943519419E-004
 1.09920715290654945E-003
 1.29313660564156995E-003
 1.53155628647612938E-003
 1.81283241042799140E-003
 2.15308084511045420E-003
 2.56159141315821359E-003
 3.02767257484345574E-003
 3.35870774006372629E-003
 3.76071709186167995E-003
 0.00000000000000000E+000
 0.00000000000000000E+000
 0.00000000000000000E+000
 0.00000000000000000E+000
 0.00000000000000000E+000
 0.00000000000000000E+000
 0.00000000000000000E+000
 0.00000000000000000E+000
 0.00000000000000000E+000
 0.00000000000000000E+000
 0.00000000000000000E+000
 0.00000000000000000E+000
 0.00000000000000000E+000
 0.00000000000000000E+000
 0.00000000000000000E+000
 0.00000000000000000E+000
 0.00000000000000000E+000
 0.00000000000000000E+000
 0.00000000000000000E+000
 0.00000000000000000E+000
 0.00000000000000000E+000
 0.00000000000000000E+000
 0.00000000000000000E+000
 0.00000000000000000E+000
 0.00000000000000000E+000
 0.00000000000000000E+000
 1.00000000000000004E+036
 1.00000000000000004E+036
 1.00000000000000004E+036
 1.00000000000000004E+036
 1.00000000000000004E+036
 1.00000000000000004E+036
 1.00000000000000004E+036
 1.00000000000000004E+036
 1.00000000000000004E+036
 1.00000000000000004E+036
 1.00000000000000004E+036
 1.00000000000000004E+036
 1.00000000000000004E+036
 1.00000000000000004E+036
 1.00000000000000004E+036
 1.00000000000000004E+036
 1.00000000000000004E+036
 1.00000000000000004E+036
 1.00000000000000004E+036
 1.00000000000000004E+036
 1.00000000000000004E+036
 1.00000000000000004E+036
 1.00000000000000004E+036
 1.00000000000000004E+036
 1.00000000000000004E+036
 1.00000000000000004E+036
 1.00000000000000004E+036
 1.00000000000000004E+036
 1.00000000000000004E+036
 1.00000000000000004E+036
 1.00000000000000004E+036
 1.00000000000000004E+036
 1.00000000000000004E+036
 1.00000000000000004E+036
 1.00000000000000004E+036
 1.00000000000000004E+036
 1.00000000000000004E+036
 1.00000000000000004E+036
 1.00000000000000004E+036
 1.00000000000000004E+036
 1.00000000000000004E+036
 1.00000000000000004E+036
 1.00000000000000004E+036
 1.00000000000000004E+036
 1.00000000000000004E+036
 1.00000000000000004E+036
 1.00000000000000004E+036
 1.00000000000000004E+036
 1.00000000000000004E+036
 1.00000000000000004E+036
 1.00000000000000004E+036
 1.00000000000000004E+036
 1.00000000000000004E+036
 1.00000000000000004E+036
# INPUT: mlcanopy_inst__zs_profile(1,100)
 2.50000000000000000E-001
 7.50000000000000000E-001
 1.25000000000000000E+000
 1.75000000000000000E+000
 2.25000000000000000E+000
 2.75000000000000000E+000
 3.25000000000000000E+000
 3.75000000000000000E+000
 4.25000000000000000E+000
 4.75000000000000000E+000
 5.25000000000000000E+000
 5.75000000000000000E+000
 6.25000000000000000E+000
 6.75000000000000000E+000
 7.25000000000000000E+000
 7.75000000000000000E+000
 8.25000000000000000E+000
 8.75000000000000000E+000
 9.25000000000000000E+000
 9.75000000000000000E+000
 1.02500000000000000E+001
 1.07500000000000000E+001
 1.12500000000000000E+001
 1.17500000000000000E+001
 1.22500000000000000E+001
 1.27500000000000000E+001
 1.32500000000000000E+001
 1.37500000000000000E+001
 1.42500000000000000E+001
 1.47500000000000000E+001
 1.52500000000000000E+001
 1.57500000000000000E+001
 1.62500000000000000E+001
 1.67500000000000000E+001
 1.72500000000000000E+001
 1.77500000000000000E+001
 1.82500000000000000E+001
 1.87500000000000000E+001
 1.92500000000000000E+001
 1.97500000000000000E+001
 2.02500000000000000E+001
 2.07500000000000000E+001
 2.12500000000000000E+001
 2.17500000000000000E+001
 2.22500000000000000E+001
 2.27500000000000000E+001
 1.00000000000000004E+036
 1.00000000000000004E+036
 1.00000000000000004E+036
 1.00000000000000004E+036
 1.00000000000000004E+036
 1.00000000000000004E+036
 1.00000000000000004E+036
 1.00000000000000004E+036
 1.00000000000000004E+036
 1.00000000000000004E+036
 1.00000000000000004E+036
 1.00000000000000004E+036
 1.00000000000000004E+036
 1.00000000000000004E+036
 1.00000000000000004E+036
 1.00000000000000004E+036
 1.00000000000000004E+036
 1.00000000000000004E+036
 1.00000000000000004E+036
 1.00000000000000004E+036
 1.00000000000000004E+036
 1.00000000000000004E+036
 1.00000000000000004E+036
 1.00000000000000004E+036
 1.00000000000000004E+036
 1.00000000000000004E+036
 1.00000000000000004E+036
 1.00000000000000004E+036
 1.00000000000000004E+036
 1.00000000000000004E+036
 1.00000000000000004E+036
 1.00000000000000004E+036
 1.00000000000000004E+036
 1.00000000000000004E+036
 1.00000000000000004E+036
 1.00000000000000004E+036
 1.00000000000000004E+036
 1.00000000000000004E+036
 1.00000000000000004E+036
 1.00000000000000004E+036
 1.00000000000000004E+036
 1.00000000000000004E+036
 1.00000000000000004E+036
 1.00000000000000004E+036
 1.00000000000000004E+036
 1.00000000000000004E+036
 1.00000000000000004E+036
 1.00000000000000004E+036
 1.00000000000000004E+036
 1.00000000000000004E+036
 1.00000000000000004E+036
 1.00000000000000004E+036
 1.00000000000000004E+036
 1.00000000000000004E+036
# INPUT: mlpftcon__capac_spa(79)
-9.99000000000000000E+002
 2.50000000000000000E+003
 2.50000000000000000E+003
 2.50000000000000000E+003
 2.50000000000000000E+003
 2.50000000000000000E+003
 2.50000000000000000E+003
 2.50000000000000000E+003
 2.50000000000000000E+003
 2.50000000000000000E+003
 2.50000000000000000E+003
 2.50000000000000000E+003
 5.00000000000000000E+002
 5.00000000000000000E+002
 5.00000000000000000E+002
 5.00000000000000000E+002
 5.00000000000000000E+002
-9.99000000000000000E+002
-9.99000000000000000E+002
-9.99000000000000000E+002
-9.99000000000000000E+002
-9.99000000000000000E+002
-9.99000000000000000E+002
-9.99000000000000000E+002
-9.99000000000000000E+002
-9.99000000000000000E+002
-9.99000000000000000E+002
-9.99000000000000000E+002
-9.99000000000000000E+002
-9.99000000000000000E+002
-9.99000000000000000E+002
-9.99000000000000000E+002
-9.99000000000000000E+002
-9.99000000000000000E+002
-9.99000000000000000E+002
-9.99000000000000000E+002
-9.99000000000000000E+002
-9.99000000000000000E+002
-9.99000000000000000E+002
-9.99000000000000000E+002
-9.99000000000000000E+002
-9.99000000000000000E+002
-9.99000000000000000E+002
-9.99000000000000000E+002
-9.99000000000000000E+002
-9.99000000000000000E+002
-9.99000000000000000E+002
-9.99000000000000000E+002
-9.99000000000000000E+002
-9.99000000000000000E+002
-9.99000000000000000E+002
-9.99000000000000000E+002
-9.99000000000000000E+002
-9.99000000000000000E+002
-9.99000000000000000E+002
-9.99000000000000000E+002
-9.99000000000000000E+002
-9.99000000000000000E+002
-9.99000000000000000E+002
-9.99000000000000000E+002
-9.99000000000000000E+002
-9.99000000000000000E+002
-9.99000000000000000E+002
-9.99000000000000000E+002
-9.99000000000000000E+002
-9.99000000000000000E+002
-9.99000000000000000E+002
-9.99000000000000000E+002
-9.99000000000000000E+002
-9.99000000000000000E+002
-9.99000000000000000E+002
-9.99000000000000000E+002
-9.99000000000000000E+002
-9.99000000000000000E+002
-9.99000000000000000E+002
-9.99000000000000000E+002
-9.99000000000000000E+002
-9.99000000000000000E+002
-9.99000000000000000E+002
# INPUT: patch__itype(1)
7
# INPUT: clm_varcon__denh2o
 1.00000000000000000E+003
# INPUT: clm_varcon__grav
 9.80664999999999942E+000
# INPUT: mlclm_varctl__dtime_ml
 3.00000000000000000E+002
# OUTPUT: mlcanopy_inst__lwp_leaf(1,100,2)
 0.00000000000000000E+000
-4.37052890434951991E-001
-5.68800589955829494E-001
-6.67233848790469208E-001
-7.43353578738500831E-001
-8.08439792371830168E-001
-8.66939806475210406E-001
-9.21180716537171485E-001
-9.76757847710742921E-001
-1.03392650071900749E+000
-1.09304025507755531E+000
-1.15565937485443215E+000
-1.21024131656297262E+000
-1.28457104642283881E+000
-1.37142755446549636E+000
-1.46208751729649156E+000
-1.53256387382589909E+000
-1.55657329546392509E+000
-1.66680087161526780E+000
-1.71964388003505020E+000
 0.00000000000000000E+000
 0.00000000000000000E+000
 0.00000000000000000E+000
 0.00000000000000000E+000
 0.00000000000000000E+000
 0.00000000000000000E+000
 0.00000000000000000E+000
 0.00000000000000000E+000
 0.00000000000000000E+000
 0.00000000000000000E+000
 0.00000000000000000E+000
 0.00000000000000000E+000
 0.00000000000000000E+000
 0.00000000000000000E+000
 0.00000000000000000E+000
 0.00000000000000000E+000
 0.00000000000000000E+000
 0.00000000000000000E+000
 0.00000000000000000E+000
 0.00000000000000000E+000
 0.00000000000000000E+000
 0.00000000000000000E+000
 0.00000000000000000E+000
 0.00000000000000000E+000
 0.00000000000000000E+000
 0.00000000000000000E+000
-1.00000000000000006E-001
-1.00000000000000006E-001
-1.00000000000000006E-001
-1.00000000000000006E-001
-1.00000000000000006E-001
-1.00000000000000006E-001
-1.00000000000000006E-001
-1.00000000000000006E-001
-1.00000000000000006E-001
-1.00000000000000006E-001
-1.00000000000000006E-001
-1.00000000000000006E-001
-1.00000000000000006E-001
-1.00000000000000006E-001
-1.00000000000000006E-001
-1.00000000000000006E-001
-1.00000000000000006E-001
-1.00000000000000006E-001
-1.00000000000000006E-001
-1.00000000000000006E-001
-1.00000000000000006E-001
-1.00000000000000006E-001
-1.00000000000000006E-001
-1.00000000000000006E-001
-1.00000000000000006E-001
-1.00000000000000006E-001
-1.00000000000000006E-001
-1.00000000000000006E-001
-1.00000000000000006E-001
-1.00000000000000006E-001
-1.00000000000000006E-001
-1.00000000000000006E-001
-1.00000000000000006E-001
-1.00000000000000006E-001
-1.00000000000000006E-001
-1.00000000000000006E-001
-1.00000000000000006E-001
-1.00000000000000006E-001
-1.00000000000000006E-001
-1.00000000000000006E-001
-1.00000000000000006E-001
-1.00000000000000006E-001
-1.00000000000000006E-001
-1.00000000000000006E-001
-1.00000000000000006E-001
-1.00000000000000006E-001
-1.00000000000000006E-001
-1.00000000000000006E-001
-1.00000000000000006E-001
-1.00000000000000006E-001
-1.00000000000000006E-001
-1.00000000000000006E-001
-1.00000000000000006E-001
-1.00000000000000006E-001
 0.00000000000000000E+000
-2.04978358813193096E-001
-2.30351803371740715E-001
-2.51272119687546092E-001
-2.71577247417045142E-001
-2.90826172432754437E-001
-3.13583334267105995E-001
-3.34330499357329725E-001
-3.60146160462565423E-001
-3.90571381618958491E-001
-4.27466368705025579E-001
-4.71129878219345100E-001
-5.25645689992479626E-001
-5.90632394812988792E-001
-6.67384019143694829E-001
-7.56980271759254308E-001
-8.58295321553020796E-001
-9.71833336001816206E-001
-1.12018634552018703E+000
-1.23345802020367201E+000
 0.00000000000000000E+000
 0.00000000000000000E+000
 0.00000000000000000E+000
 0.00000000000000000E+000
 0.00000000000000000E+000
 0.00000000000000000E+000
 0.00000000000000000E+000
 0.00000000000000000E+000
 0.00000000000000000E+000
 0.00000000000000000E+000
 0.00000000000000000E+000
 0.00000000000000000E+000
 0.00000000000000000E+000
 0.00000000000000000E+000
 0.00000000000000000E+000
 0.00000000000000000E+000
 0.00000000000000000E+000
 0.00000000000000000E+000
 0.00000000000000000E+000
 0.00000000000000000E+000
 0.00000000000000000E+000
 0.00000000000000000E+000
 0.00000000000000000E+000
 0.00000000000000000E+000
 0.00000000000000000E+000
 0.00000000000000000E+000
-1.00000000000000006E-001
-1.00000000000000006E-001
-1.00000000000000006E-001
-1.00000000000000006E-001
-1.00000000000000006E-001
-1.00000000000000006E-001
-1.00000000000000006E-001
-1.00000000000000006E-001
-1.00000000000000006E-001
-1.00000000000000006E-001
-1.00000000000000006E-001
-1.00000000000000006E-001
-1.00000000000000006E-001
-1.00000000000000006E-001
-1.00000000000000006E-001
-1.00000000000000006E-001
-1.00000000000000006E-001
-1.00000000000000006E-001
-1.00000000000000006E-001
-1.00000000000000006E-001
-1.00000000000000006E-001
-1.00000000000000006E-001
-1.00000000000000006E-001
-1.00000000000000006E-001
-1.00000000000000006E-001
-1.00000000000000006E-001
-1.00000000000000006E-001
-1.00000000000000006E-001
-1.00000000000000006E-001
-1.00000000000000006E-001
-1.00000000000000006E-001
-1.00000000000000006E-001
-1.00000000000000006E-001
-1.00000000000000006E-001
-1.00000000000000006E-001
-1.00000000000000006E-001
-1.00000000000000006E-001
-1.00000000000000006E-001
-1.00000000000000006E-001
-1.00000000000000006E-001
-1.00000000000000006E-001
-1.00000000000000006E-001
-1.00000000000000006E-001
-1.00000000000000006E-001
-1.00000000000000006E-001
-1.00000000000000006E-001
-1.00000000000000006E-001
-1.00000000000000006E-001
-1.00000000000000006E-001
-1.00000000000000006E-001
-1.00000000000000006E-001
-1.00000000000000006E-001
-1.00000000000000006E-001
-1.00000000000000006E-001
