# PROBE mlsoilfluxesmod.soilfluxes_flat: call=21
# p = 1
# np_ = 1
# INPUT: mlcanopy_inst__cpair_forcing(1)
 2.91627046611705438E+001
# INPUT: mlcanopy_inst__eair_profile(1,100)
 1.80798026261929886E+003
 1.77288404165289921E+003
 1.74718233258013788E+003
 1.72783685500129445E+003
 1.71267879624925172E+003
 1.70010238628612069E+003
 1.68894603346041799E+003
 1.67831547436538699E+003
 1.66757529253964276E+003
 1.65629215705634624E+003
 1.64410790679461957E+003
 1.63074688649963628E+003
 1.61596633736197327E+003
 1.59964284252245238E+003
 1.58168847974223308E+003
 1.56200327773043591E+003
 1.54060286744835480E+003
 1.51766751089756940E+003
 1.49360995131616505E+003
 1.47149288396597467E+003
 1.45245526504133159E+003
 1.43587327945567426E+003
 1.42067991354442825E+003
 1.40640668697169622E+003
 1.39283336469774872E+003
 1.37977034203310291E+003
 1.36715052739476096E+003
 1.35487281748163673E+003
 1.34291755533872151E+003
 1.33121810417195366E+003
 1.31977073416854773E+003
 1.30853411564948306E+003
 1.29750307948796626E+003
 1.28665373557980888E+003
 1.27597939857671668E+003
 1.26546506785106862E+003
 1.25510389392504408E+003
 1.24488526815427417E+003
 1.23480280965088423E+003
 1.22485079322279694E+003
 1.21502047957859850E+003
 1.20530918123669426E+003
 1.19570895136726608E+003
 1.18621689463877510E+003
 1.17682644437684053E+003
 1.16753528694084844E+003
 1.00000000000000004E+036
 1.00000000000000004E+036
 1.00000000000000004E+036
 1.00000000000000004E+036
 1.00000000000000004E+036
 1.00000000000000004E+036
 1.00000000000000004E+036
 1.00000000000000004E+036
 1.00000000000000004E+036
 1.00000000000000004E+036
 1.00000000000000004E+036
 1.00000000000000004E+036
 1.00000000000000004E+036
 1.00000000000000004E+036
 1.00000000000000004E+036
 1.00000000000000004E+036
 1.00000000000000004E+036
 1.00000000000000004E+036
 1.00000000000000004E+036
 1.00000000000000004E+036
 1.00000000000000004E+036
 1.00000000000000004E+036
 1.00000000000000004E+036
 1.00000000000000004E+036
 1.00000000000000004E+036
 1.00000000000000004E+036
 1.00000000000000004E+036
 1.00000000000000004E+036
 1.00000000000000004E+036
 1.00000000000000004E+036
 1.00000000000000004E+036
 1.00000000000000004E+036
 1.00000000000000004E+036
 1.00000000000000004E+036
 1.00000000000000004E+036
 1.00000000000000004E+036
 1.00000000000000004E+036
 1.00000000000000004E+036
 1.00000000000000004E+036
 1.00000000000000004E+036
 1.00000000000000004E+036
 1.00000000000000004E+036
 1.00000000000000004E+036
 1.00000000000000004E+036
 1.00000000000000004E+036
 1.00000000000000004E+036
 1.00000000000000004E+036
 1.00000000000000004E+036
 1.00000000000000004E+036
 1.00000000000000004E+036
 1.00000000000000004E+036
 1.00000000000000004E+036
 1.00000000000000004E+036
 1.00000000000000004E+036
# INPUT: mlcanopy_inst__eg_soil(1)
 4.50934258546144883E+003
# INPUT: mlcanopy_inst__etsoi_soil(1)
 4.59781705143974388E-004
# INPUT: mlcanopy_inst__gac0_soil(1)
 8.03129841250230375E-002
# INPUT: mlcanopy_inst__gsoi_soil(1)
 1.97110302506965134E+001
# INPUT: mlcanopy_inst__lhsoi_soil(1)
 2.07214510830627425E+001
# INPUT: mlcanopy_inst__pref_forcing(1)
 1.00851693359375029E+005
# INPUT: mlcanopy_inst__rhg_soil(1)
 9.67632101474419914E-001
# INPUT: mlcanopy_inst__rhomol_forcing(1)
 4.01564920625115178E+001
# INPUT: mlcanopy_inst__rnsoi_soil(1)
 4.28354669724090940E+001
# INPUT: mlcanopy_inst__shsoi_soil(1)
 6.31557946418374794E+000
# INPUT: mlcanopy_inst__soil_dz_soil(1)
 1.00000000000000002E-002
# INPUT: mlcanopy_inst__soil_t_soil(1)
 3.04414844865985287E+002
# INPUT: mlcanopy_inst__soil_tk_soil(1)
 5.37939041097237447E-001
# INPUT: mlcanopy_inst__soilres_soil(1)
 1.92105888858701974E+003
# INPUT: mlcanopy_inst__tair_profile(1,100)
 3.02327334702736437E+002
 3.02164879452111450E+002
 3.02027519877329667E+002
 3.01907062560613326E+002
 3.01798349084605150E+002
 3.01698961604376564E+002
 3.01607836393735170E+002
 3.01525594052084784E+002
 3.01453018968030449E+002
 3.01390675947285388E+002
 3.01340168682068622E+002
 3.01303280919481153E+002
 3.01282308684142549E+002
 3.01278603454341237E+002
 3.01293199636248630E+002
 3.01327812223067951E+002
 3.01383025866613480E+002
 3.01457875157452065E+002
 3.01549273781633758E+002
 3.01616551762887127E+002
 3.01652394267747752E+002
 3.01684312897410962E+002
 3.01714153516230340E+002
 3.01742706902845612E+002
 3.01770320631085042E+002
 3.01797308952316826E+002
 3.01823752697144755E+002
 3.01849815064813527E+002
 3.01875495912704139E+002
 3.01900901511758036E+002
 3.01926007142919445E+002
 3.01950873629990724E+002
 3.01975485332162634E+002
 3.01999870576187789E+002
 3.02024021323508066E+002
 3.02047950037949022E+002
 3.02071652274823862E+002
 3.02095133514111296E+002
 3.02118390749782122E+002
 3.02141420500543177E+002
 3.02164227209240721E+002
 3.02186802135362029E+002
 3.02209149505090977E+002
 3.02231262479294458E+002
 3.02253143378353286E+002
 3.02274785161410364E+002
 1.00000000000000004E+036
 1.00000000000000004E+036
 1.00000000000000004E+036
 1.00000000000000004E+036
 1.00000000000000004E+036
 1.00000000000000004E+036
 1.00000000000000004E+036
 1.00000000000000004E+036
 1.00000000000000004E+036
 1.00000000000000004E+036
 1.00000000000000004E+036
 1.00000000000000004E+036
 1.00000000000000004E+036
 1.00000000000000004E+036
 1.00000000000000004E+036
 1.00000000000000004E+036
 1.00000000000000004E+036
 1.00000000000000004E+036
 1.00000000000000004E+036
 1.00000000000000004E+036
 1.00000000000000004E+036
 1.00000000000000004E+036
 1.00000000000000004E+036
 1.00000000000000004E+036
 1.00000000000000004E+036
 1.00000000000000004E+036
 1.00000000000000004E+036
 1.00000000000000004E+036
 1.00000000000000004E+036
 1.00000000000000004E+036
 1.00000000000000004E+036
 1.00000000000000004E+036
 1.00000000000000004E+036
 1.00000000000000004E+036
 1.00000000000000004E+036
 1.00000000000000004E+036
 1.00000000000000004E+036
 1.00000000000000004E+036
 1.00000000000000004E+036
 1.00000000000000004E+036
 1.00000000000000004E+036
 1.00000000000000004E+036
 1.00000000000000004E+036
 1.00000000000000004E+036
 1.00000000000000004E+036
 1.00000000000000004E+036
 1.00000000000000004E+036
 1.00000000000000004E+036
 1.00000000000000004E+036
 1.00000000000000004E+036
 1.00000000000000004E+036
 1.00000000000000004E+036
 1.00000000000000004E+036
 1.00000000000000004E+036
# INPUT: mlcanopy_inst__tg_bef_soil(1)
 3.04781262410443333E+002
# INPUT: mlcanopy_inst__tg_soil(1)
 3.04781262410443333E+002
# INPUT: mlcanopy_inst__tref_forcing(1)
 3.02060111999512173E+002
# INPUT: clm_varcon__hsub
 2.83470000000000000E+006
# INPUT: clm_varcon__hvap
 2.50100000000000000E+006
# INPUT: mlclm_varcon__mmh2o
 1.80200000000000013E-002
# OUTPUT: mlcanopy_inst__eg_soil(1)
 4.49769893820871584E+003
# OUTPUT: mlcanopy_inst__etsoi_soil(1)
 4.42358195624054020E-004
# OUTPUT: mlcanopy_inst__gsoi_soil(1)
 1.72585848336239103E+001
# OUTPUT: mlcanopy_inst__lhsoi_soil(1)
 1.99362080075487818E+001
# OUTPUT: mlcanopy_inst__shsoi_soil(1)
 5.64067413123810280E+000
# OUTPUT: mlcanopy_inst__tg_soil(1)
 3.04735672757532654E+002
