# PROBE mlsoilfluxesmod.soilfluxes_flat: call=1
# p = 1
# np_ = 1
# INPUT: mlcanopy_inst__cpair_forcing(1)
 2.91618944145315879E+001
# INPUT: mlcanopy_inst__eair_profile(1,100)
 1.54659263669340680E+003
 1.53067635414313236E+003
 1.51818487917577158E+003
 1.50811160190913006E+003
 1.49966466198141029E+003
 1.49222821523725929E+003
 1.48532915854393627E+003
 1.47860777553314369E+003
 1.47176325895416812E+003
 1.46456815021885905E+003
 1.45685401529233036E+003
 1.44844634453551862E+003
 1.43919606499357974E+003
 1.42896108380017381E+003
 1.41763606367738771E+003
 1.40513491928755138E+003
 1.39142623631730908E+003
 1.37654815726271863E+003
 1.36066782138518192E+003
 1.34585716073051276E+003
 1.33300174878513394E+003
 1.32164720032954210E+003
 1.31115970555813578E+003
 1.30130555408488340E+003
 1.29194168620143819E+003
 1.28297106964578938E+003
 1.27434882422633018E+003
 1.26602570221256360E+003
 1.25796754396015444E+003
 1.25014682182043930E+003
 1.24254041353494722E+003
 1.23513122297170889E+003
 1.22790276085284768E+003
 1.22084152565868703E+003
 1.21393672425871523E+003
 1.20718064372651952E+003
 1.20056303292768348E+003
 1.19407631088270182E+003
 1.18771360246631616E+003
 1.18146803023910161E+003
 1.17533321353615520E+003
 1.16930365571919106E+003
 1.16337340381301078E+003
 1.15753866337913564E+003
 1.15179492054189268E+003
 1.14613763516266818E+003
 1.00000000000000004E+036
 1.00000000000000004E+036
 1.00000000000000004E+036
 1.00000000000000004E+036
 1.00000000000000004E+036
 1.00000000000000004E+036
 1.00000000000000004E+036
 1.00000000000000004E+036
 1.00000000000000004E+036
 1.00000000000000004E+036
 1.00000000000000004E+036
 1.00000000000000004E+036
 1.00000000000000004E+036
 1.00000000000000004E+036
 1.00000000000000004E+036
 1.00000000000000004E+036
 1.00000000000000004E+036
 1.00000000000000004E+036
 1.00000000000000004E+036
 1.00000000000000004E+036
 1.00000000000000004E+036
 1.00000000000000004E+036
 1.00000000000000004E+036
 1.00000000000000004E+036
 1.00000000000000004E+036
 1.00000000000000004E+036
 1.00000000000000004E+036
 1.00000000000000004E+036
 1.00000000000000004E+036
 1.00000000000000004E+036
 1.00000000000000004E+036
 1.00000000000000004E+036
 1.00000000000000004E+036
 1.00000000000000004E+036
 1.00000000000000004E+036
 1.00000000000000004E+036
 1.00000000000000004E+036
 1.00000000000000004E+036
 1.00000000000000004E+036
 1.00000000000000004E+036
 1.00000000000000004E+036
 1.00000000000000004E+036
 1.00000000000000004E+036
 1.00000000000000004E+036
 1.00000000000000004E+036
 1.00000000000000004E+036
 1.00000000000000004E+036
 1.00000000000000004E+036
 1.00000000000000004E+036
 1.00000000000000004E+036
 1.00000000000000004E+036
 1.00000000000000004E+036
 1.00000000000000004E+036
 1.00000000000000004E+036
# INPUT: mlcanopy_inst__eg_soil(1)
 4.70659075754028163E+003
# INPUT: mlcanopy_inst__etsoi_soil(1)
 5.46352752141805709E-004
# INPUT: mlcanopy_inst__gac0_soil(1)
 8.02911368229698025E-002
# INPUT: mlcanopy_inst__gsoi_soil(1)
 3.28790273302033142E+001
# INPUT: mlcanopy_inst__lhsoi_soil(1)
 2.46230367605819431E+001
# INPUT: mlcanopy_inst__pref_forcing(1)
 1.00860967447916672E+005
# INPUT: mlcanopy_inst__rhg_soil(1)
 9.67632101474419914E-001
# INPUT: mlcanopy_inst__rhomol_forcing(1)
 4.01455684114849021E+001
# INPUT: mlcanopy_inst__rnsoi_soil(1)
 5.23794088758870089E+001
# INPUT: mlcanopy_inst__shsoi_soil(1)
 7.49876162935589097E+000
# INPUT: mlcanopy_inst__soil_dz_soil(1)
 1.00000000000000002E-002
# INPUT: mlcanopy_inst__soil_t_soil(1)
 3.04414844865985287E+002
# INPUT: mlcanopy_inst__soil_tk_soil(1)
 5.37939041097237447E-001
# INPUT: mlcanopy_inst__soilres_soil(1)
 1.92105888858701974E+003
# INPUT: mlcanopy_inst__tair_profile(1,100)
 3.02426671181459028E+002
 3.02360230664689027E+002
 3.02300944693536508E+002
 3.02246244914099350E+002
 3.02194788343092569E+002
 3.02146016556097493E+002
 3.02099903024817309E+002
 3.02056744939170812E+002
 3.02017399377297636E+002
 3.01982704792918867E+002
 3.01953392711958315E+002
 3.01930780320215888E+002
 3.01916212068144034E+002
 3.01911219929267304E+002
 3.01917009353862738E+002
 3.01934783836426391E+002
 3.01965313792933330E+002
 3.02008858125848917E+002
 3.02064562139179600E+002
 3.02104304292117945E+002
 3.02120674403113014E+002
 3.02135414416898811E+002
 3.02149270612899727E+002
 3.02162501730671408E+002
 3.02175262019036154E+002
 3.02187653631848150E+002
 3.02199713469699304E+002
 3.02211488842301492E+002
 3.02223009429290244E+002
 3.02234298193534414E+002
 3.02245373967254352E+002
 3.02256248615808374E+002
 3.02266934587021524E+002
 3.02277441193012294E+002
 3.02287774790656385E+002
 3.02297938024714824E+002
 3.02307938143048602E+002
 3.02317779087041743E+002
 3.02327464349236379E+002
 3.02336997983519211E+002
 3.02346383786674153E+002
 3.02355624652340452E+002
 3.02364724576115634E+002
 3.02373684603722609E+002
 3.02382507209528001E+002
 3.02391195203802681E+002
 1.00000000000000004E+036
 1.00000000000000004E+036
 1.00000000000000004E+036
 1.00000000000000004E+036
 1.00000000000000004E+036
 1.00000000000000004E+036
 1.00000000000000004E+036
 1.00000000000000004E+036
 1.00000000000000004E+036
 1.00000000000000004E+036
 1.00000000000000004E+036
 1.00000000000000004E+036
 1.00000000000000004E+036
 1.00000000000000004E+036
 1.00000000000000004E+036
 1.00000000000000004E+036
 1.00000000000000004E+036
 1.00000000000000004E+036
 1.00000000000000004E+036
 1.00000000000000004E+036
 1.00000000000000004E+036
 1.00000000000000004E+036
 1.00000000000000004E+036
 1.00000000000000004E+036
 1.00000000000000004E+036
 1.00000000000000004E+036
 1.00000000000000004E+036
 1.00000000000000004E+036
 1.00000000000000004E+036
 1.00000000000000004E+036
 1.00000000000000004E+036
 1.00000000000000004E+036
 1.00000000000000004E+036
 1.00000000000000004E+036
 1.00000000000000004E+036
 1.00000000000000004E+036
 1.00000000000000004E+036
 1.00000000000000004E+036
 1.00000000000000004E+036
 1.00000000000000004E+036
 1.00000000000000004E+036
 1.00000000000000004E+036
 1.00000000000000004E+036
 1.00000000000000004E+036
 1.00000000000000004E+036
 1.00000000000000004E+036
 1.00000000000000004E+036
 1.00000000000000004E+036
 1.00000000000000004E+036
 1.00000000000000004E+036
 1.00000000000000004E+036
 1.00000000000000004E+036
 1.00000000000000004E+036
 1.00000000000000004E+036
# INPUT: mlcanopy_inst__tg_bef_soil(1)
 3.05538707752398523E+002
# INPUT: mlcanopy_inst__tg_soil(1)
 3.05538707752398523E+002
# INPUT: mlcanopy_inst__tref_forcing(1)
 3.02170087178548215E+002
# INPUT: clm_varcon__hsub
 2.83470000000000000E+006
# INPUT: clm_varcon__hvap
 2.50100000000000000E+006
# INPUT: mlclm_varcon__mmh2o
 1.80200000000000013E-002
# OUTPUT: mlcanopy_inst__eg_soil(1)
 4.52956187471995963E+003
# OUTPUT: mlcanopy_inst__etsoi_soil(1)
 4.90408403361554238E-004
# OUTPUT: mlcanopy_inst__gsoi_soil(1)
 2.45537501971095118E+001
# OUTPUT: mlcanopy_inst__lhsoi_soil(1)
 2.21017357308665936E+001
# OUTPUT: mlcanopy_inst__shsoi_soil(1)
 5.72392294791251199E+000
# OUTPUT: mlcanopy_inst__tg_soil(1)
 3.04871285992604896E+002
