# PROBE mlsoilfluxesmod.soilfluxes_flat: call=20
# p = 1
# np_ = 1
# INPUT: mlcanopy_inst__cpair_forcing(1)
 2.91623203278004262E+001
# INPUT: mlcanopy_inst__eair_profile(1,100)
 1.71326509429368298E+003
 1.69049852670652854E+003
 1.67257698518227357E+003
 1.65812870179975448E+003
 1.64606128793848757E+003
 1.63552514500175221E+003
 1.62587104942767201E+003
 1.61660955121833717E+003
 1.60734676212246791E+003
 1.59776213309114883E+003
 1.58761250244386406E+003
 1.57669912298734175E+003
 1.56486332470947400E+003
 1.55199631653529673E+003
 1.53797141036790140E+003
 1.52270186593107042E+003
 1.50616826604013204E+003
 1.48848585097988143E+003
 1.46996554526742125E+003
 1.45095503136986076E+003
 1.43232136962027016E+003
 1.41600321319218051E+003
 1.40091130901637098E+003
 1.38675266879713058E+003
 1.37331547772708927E+003
 1.36044118637798601E+003
 1.34800537503355963E+003
 1.33597667876965488E+003
 1.32429972788993769E+003
 1.31292603356278596E+003
 1.30182511032414004E+003
 1.29098012634876090E+003
 1.28036980209968419E+003
 1.26996752902043727E+003
 1.25976705994683584E+003
 1.24975516283444449E+003
 1.23991908899175110E+003
 1.23024529789151848E+003
 1.22073024765059290E+003
 1.21136385403184136E+003
 1.20213665838051975E+003
 1.19304328511475637E+003
 1.18407807485129342E+003
 1.17523504587618254E+003
 1.16650605094575144E+003
 1.15788856396582628E+003
 1.00000000000000004E+036
 1.00000000000000004E+036
 1.00000000000000004E+036
 1.00000000000000004E+036
 1.00000000000000004E+036
 1.00000000000000004E+036
 1.00000000000000004E+036
 1.00000000000000004E+036
 1.00000000000000004E+036
 1.00000000000000004E+036
 1.00000000000000004E+036
 1.00000000000000004E+036
 1.00000000000000004E+036
 1.00000000000000004E+036
 1.00000000000000004E+036
 1.00000000000000004E+036
 1.00000000000000004E+036
 1.00000000000000004E+036
 1.00000000000000004E+036
 1.00000000000000004E+036
 1.00000000000000004E+036
 1.00000000000000004E+036
 1.00000000000000004E+036
 1.00000000000000004E+036
 1.00000000000000004E+036
 1.00000000000000004E+036
 1.00000000000000004E+036
 1.00000000000000004E+036
 1.00000000000000004E+036
 1.00000000000000004E+036
 1.00000000000000004E+036
 1.00000000000000004E+036
 1.00000000000000004E+036
 1.00000000000000004E+036
 1.00000000000000004E+036
 1.00000000000000004E+036
 1.00000000000000004E+036
 1.00000000000000004E+036
 1.00000000000000004E+036
 1.00000000000000004E+036
 1.00000000000000004E+036
 1.00000000000000004E+036
 1.00000000000000004E+036
 1.00000000000000004E+036
 1.00000000000000004E+036
 1.00000000000000004E+036
 1.00000000000000004E+036
 1.00000000000000004E+036
 1.00000000000000004E+036
 1.00000000000000004E+036
 1.00000000000000004E+036
 1.00000000000000004E+036
 1.00000000000000004E+036
 1.00000000000000004E+036
# INPUT: mlcanopy_inst__eg_soil(1)
 4.50913028347852014E+003
# INPUT: mlcanopy_inst__etsoi_soil(1)
 4.74352771272011089E-004
# INPUT: mlcanopy_inst__gac0_soil(1)
 8.03034239552576773E-002
# INPUT: mlcanopy_inst__gsoi_soil(1)
 1.96664755155881288E+001
# INPUT: mlcanopy_inst__lhsoi_soil(1)
 2.13781401827424240E+001
# INPUT: mlcanopy_inst__pref_forcing(1)
 1.00854720703125029E+005
# INPUT: mlcanopy_inst__rhg_soil(1)
 9.67632101474419914E-001
# INPUT: mlcanopy_inst__rhomol_forcing(1)
 4.01517119776288354E+001
# INPUT: mlcanopy_inst__rnsoi_soil(1)
 4.67480607979415481E+001
# INPUT: mlcanopy_inst__shsoi_soil(1)
 6.78459891456073194E+000
# INPUT: mlcanopy_inst__soil_dz_soil(1)
 1.00000000000000002E-002
# INPUT: mlcanopy_inst__soil_t_soil(1)
 3.04414844865985287E+002
# INPUT: mlcanopy_inst__soil_tk_soil(1)
 5.37939041097237447E-001
# INPUT: mlcanopy_inst__soilres_soil(1)
 1.92105888858701974E+003
# INPUT: mlcanopy_inst__tair_profile(1,100)
 3.02084410712944134E+002
 3.01967519291001395E+002
 3.01859934098636700E+002
 3.01758906598227384E+002
 3.01663108679636423E+002
 3.01572077379365339E+002
 3.01485898954347931E+002
 3.01405005679158819E+002
 3.01330343935093822E+002
 3.01263240826148433E+002
 3.01204875606456596E+002
 3.01156633572722512E+002
 3.01119860857484412E+002
 3.01095539207940533E+002
 3.01085203161970696E+002
 3.01089951234372563E+002
 3.01110313542134065E+002
 3.01145498672431529E+002
 3.01192819804563499E+002
 3.01253769602833017E+002
 3.01321685819476272E+002
 3.01381117920190320E+002
 3.01436044303114898E+002
 3.01487538318300835E+002
 3.01536375723480660E+002
 3.01583137004832167E+002
 3.01628277452799921E+002
 3.01671913792930184E+002
 3.01714249449930378E+002
 3.01755462459440878E+002
 3.01795665271661278E+002
 3.01834920657136877E+002
 3.01873307311079657E+002
 3.01910923019067639E+002
 3.01947791776392876E+002
 3.01983962729755945E+002
 3.02019483167744170E+002
 3.02054403133668359E+002
 3.02088736491628367E+002
 3.02122520649998478E+002
 3.02155790684727549E+002
 3.02188566884756142E+002
 3.02220870510271538E+002
 3.02252723932909078E+002
 3.02284157274404720E+002
 3.02315180368354163E+002
 1.00000000000000004E+036
 1.00000000000000004E+036
 1.00000000000000004E+036
 1.00000000000000004E+036
 1.00000000000000004E+036
 1.00000000000000004E+036
 1.00000000000000004E+036
 1.00000000000000004E+036
 1.00000000000000004E+036
 1.00000000000000004E+036
 1.00000000000000004E+036
 1.00000000000000004E+036
 1.00000000000000004E+036
 1.00000000000000004E+036
 1.00000000000000004E+036
 1.00000000000000004E+036
 1.00000000000000004E+036
 1.00000000000000004E+036
 1.00000000000000004E+036
 1.00000000000000004E+036
 1.00000000000000004E+036
 1.00000000000000004E+036
 1.00000000000000004E+036
 1.00000000000000004E+036
 1.00000000000000004E+036
 1.00000000000000004E+036
 1.00000000000000004E+036
 1.00000000000000004E+036
 1.00000000000000004E+036
 1.00000000000000004E+036
 1.00000000000000004E+036
 1.00000000000000004E+036
 1.00000000000000004E+036
 1.00000000000000004E+036
 1.00000000000000004E+036
 1.00000000000000004E+036
 1.00000000000000004E+036
 1.00000000000000004E+036
 1.00000000000000004E+036
 1.00000000000000004E+036
 1.00000000000000004E+036
 1.00000000000000004E+036
 1.00000000000000004E+036
 1.00000000000000004E+036
 1.00000000000000004E+036
 1.00000000000000004E+036
 1.00000000000000004E+036
 1.00000000000000004E+036
 1.00000000000000004E+036
 1.00000000000000004E+036
 1.00000000000000004E+036
 1.00000000000000004E+036
 1.00000000000000004E+036
 1.00000000000000004E+036
# INPUT: mlcanopy_inst__tg_bef_soil(1)
 3.04829318537838901E+002
# INPUT: mlcanopy_inst__tg_soil(1)
 3.04784566967444334E+002
# INPUT: mlcanopy_inst__tref_forcing(1)
 3.02105140686035611E+002
# INPUT: clm_varcon__hsub
 2.83470000000000000E+006
# INPUT: clm_varcon__hvap
 2.50100000000000000E+006
# INPUT: mlclm_varcon__mmh2o
 1.80200000000000013E-002
# OUTPUT: mlcanopy_inst__eg_soil(1)
 4.50934258546144883E+003
# OUTPUT: mlcanopy_inst__etsoi_soil(1)
 4.59781705143974388E-004
# OUTPUT: mlcanopy_inst__gsoi_soil(1)
 1.97110302506965134E+001
# OUTPUT: mlcanopy_inst__lhsoi_soil(1)
 2.07214510830627425E+001
# OUTPUT: mlcanopy_inst__shsoi_soil(1)
 6.31557946418374794E+000
# OUTPUT: mlcanopy_inst__tg_soil(1)
 3.04781262410443333E+002
