# PROBE mlplanthydraulicsmod.leafwaterpotential_flat: call=33
# num_filter = 1
# il = 1
# np_ = 1
# INPUT: filter(1)
1
# INPUT: mlcanopy_inst__dpai_profile(1,100)
 0.00000000000000000E+000
 1.78551353570273429E-002
 3.11655641162021727E-002
 4.57148859213814471E-002
 6.12493639624123037E-002
 7.75313959945820030E-002
 9.43346110262384407E-002
 1.11434803884834954E-001
 1.28601049978836285E-001
 1.45586493163041897E-001
 1.62117246374047785E-001
 1.77877862367811335E-001
 1.92490098223176753E-001
 2.05479351517816183E-001
 2.16217367616885509E-001
 2.23814705886579951E-001
 2.26892468212283621E-001
 2.23004465358848158E-001
 2.06653578762819423E-001
 1.51979540354245490E-001
 0.00000000000000000E+000
 0.00000000000000000E+000
 0.00000000000000000E+000
 0.00000000000000000E+000
 0.00000000000000000E+000
 0.00000000000000000E+000
 0.00000000000000000E+000
 0.00000000000000000E+000
 0.00000000000000000E+000
 0.00000000000000000E+000
 0.00000000000000000E+000
 0.00000000000000000E+000
 0.00000000000000000E+000
 0.00000000000000000E+000
 0.00000000000000000E+000
 0.00000000000000000E+000
 0.00000000000000000E+000
 0.00000000000000000E+000
 0.00000000000000000E+000
 0.00000000000000000E+000
 0.00000000000000000E+000
 0.00000000000000000E+000
 0.00000000000000000E+000
 0.00000000000000000E+000
 0.00000000000000000E+000
 0.00000000000000000E+000
 1.00000000000000004E+036
 1.00000000000000004E+036
 1.00000000000000004E+036
 1.00000000000000004E+036
 1.00000000000000004E+036
 1.00000000000000004E+036
 1.00000000000000004E+036
 1.00000000000000004E+036
 1.00000000000000004E+036
 1.00000000000000004E+036
 1.00000000000000004E+036
 1.00000000000000004E+036
 1.00000000000000004E+036
 1.00000000000000004E+036
 1.00000000000000004E+036
 1.00000000000000004E+036
 1.00000000000000004E+036
 1.00000000000000004E+036
 1.00000000000000004E+036
 1.00000000000000004E+036
 1.00000000000000004E+036
 1.00000000000000004E+036
 1.00000000000000004E+036
 1.00000000000000004E+036
 1.00000000000000004E+036
 1.00000000000000004E+036
 1.00000000000000004E+036
 1.00000000000000004E+036
 1.00000000000000004E+036
 1.00000000000000004E+036
 1.00000000000000004E+036
 1.00000000000000004E+036
 1.00000000000000004E+036
 1.00000000000000004E+036
 1.00000000000000004E+036
 1.00000000000000004E+036
 1.00000000000000004E+036
 1.00000000000000004E+036
 1.00000000000000004E+036
 1.00000000000000004E+036
 1.00000000000000004E+036
 1.00000000000000004E+036
 1.00000000000000004E+036
 1.00000000000000004E+036
 1.00000000000000004E+036
 1.00000000000000004E+036
 1.00000000000000004E+036
 1.00000000000000004E+036
 1.00000000000000004E+036
 1.00000000000000004E+036
 1.00000000000000004E+036
 1.00000000000000004E+036
 1.00000000000000004E+036
 1.00000000000000004E+036
# INPUT: mlcanopy_inst__lsc_profile(1,100)
 0.00000000000000000E+000
 4.98426980019007182E+000
 4.98426980019007182E+000
 4.98426980019007182E+000
 4.98426980019007182E+000
 4.98426980019007182E+000
 4.98426980019007182E+000
 4.98426980019007182E+000
 4.98426980019007182E+000
 4.98426980019007182E+000
 4.98426980019007182E+000
 4.98426980019007182E+000
 4.98426980019007182E+000
 4.98426980019007182E+000
 4.98426980019007182E+000
 4.98426980019007182E+000
 4.98426980019007182E+000
 4.98426980019007182E+000
 4.98426980019007182E+000
 4.98426980019007182E+000
 0.00000000000000000E+000
 0.00000000000000000E+000
 0.00000000000000000E+000
 0.00000000000000000E+000
 0.00000000000000000E+000
 0.00000000000000000E+000
 0.00000000000000000E+000
 0.00000000000000000E+000
 0.00000000000000000E+000
 0.00000000000000000E+000
 0.00000000000000000E+000
 0.00000000000000000E+000
 0.00000000000000000E+000
 0.00000000000000000E+000
 0.00000000000000000E+000
 0.00000000000000000E+000
 0.00000000000000000E+000
 0.00000000000000000E+000
 0.00000000000000000E+000
 0.00000000000000000E+000
 0.00000000000000000E+000
 0.00000000000000000E+000
 0.00000000000000000E+000
 0.00000000000000000E+000
 0.00000000000000000E+000
 0.00000000000000000E+000
 1.00000000000000004E+036
 1.00000000000000004E+036
 1.00000000000000004E+036
 1.00000000000000004E+036
 1.00000000000000004E+036
 1.00000000000000004E+036
 1.00000000000000004E+036
 1.00000000000000004E+036
 1.00000000000000004E+036
 1.00000000000000004E+036
 1.00000000000000004E+036
 1.00000000000000004E+036
 1.00000000000000004E+036
 1.00000000000000004E+036
 1.00000000000000004E+036
 1.00000000000000004E+036
 1.00000000000000004E+036
 1.00000000000000004E+036
 1.00000000000000004E+036
 1.00000000000000004E+036
 1.00000000000000004E+036
 1.00000000000000004E+036
 1.00000000000000004E+036
 1.00000000000000004E+036
 1.00000000000000004E+036
 1.00000000000000004E+036
 1.00000000000000004E+036
 1.00000000000000004E+036
 1.00000000000000004E+036
 1.00000000000000004E+036
 1.00000000000000004E+036
 1.00000000000000004E+036
 1.00000000000000004E+036
 1.00000000000000004E+036
 1.00000000000000004E+036
 1.00000000000000004E+036
 1.00000000000000004E+036
 1.00000000000000004E+036
 1.00000000000000004E+036
 1.00000000000000004E+036
 1.00000000000000004E+036
 1.00000000000000004E+036
 1.00000000000000004E+036
 1.00000000000000004E+036
 1.00000000000000004E+036
 1.00000000000000004E+036
 1.00000000000000004E+036
 1.00000000000000004E+036
 1.00000000000000004E+036
 1.00000000000000004E+036
 1.00000000000000004E+036
 1.00000000000000004E+036
 1.00000000000000004E+036
 1.00000000000000004E+036
# INPUT: mlcanopy_inst__lwp_bef_leaf(1,100,2)
 0.00000000000000000E+000
-5.36130482962226873E-001
-6.36858096873833435E-001
-7.05271530981102290E-001
-7.57687344050721689E-001
-8.01890450458975002E-001
-8.40923795033819199E-001
-8.78900692385138460E-001
-9.15898923347851501E-001
-9.53337805728179388E-001
-9.90064560848112230E-001
-1.02614196069916286E+000
-1.06771361926664055E+000
-1.12117015835425970E+000
-1.18005749335264354E+000
-1.24435499787592740E+000
-1.31429355286689797E+000
-1.38935908700158972E+000
-1.46268458944373414E+000
-1.49830151650708410E+000
 0.00000000000000000E+000
 0.00000000000000000E+000
 0.00000000000000000E+000
 0.00000000000000000E+000
 0.00000000000000000E+000
 0.00000000000000000E+000
 0.00000000000000000E+000
 0.00000000000000000E+000
 0.00000000000000000E+000
 0.00000000000000000E+000
 0.00000000000000000E+000
 0.00000000000000000E+000
 0.00000000000000000E+000
 0.00000000000000000E+000
 0.00000000000000000E+000
 0.00000000000000000E+000
 0.00000000000000000E+000
 0.00000000000000000E+000
 0.00000000000000000E+000
 0.00000000000000000E+000
 0.00000000000000000E+000
 0.00000000000000000E+000
 0.00000000000000000E+000
 0.00000000000000000E+000
 0.00000000000000000E+000
 0.00000000000000000E+000
 1.00000000000000004E+036
 1.00000000000000004E+036
 1.00000000000000004E+036
 1.00000000000000004E+036
 1.00000000000000004E+036
 1.00000000000000004E+036
 1.00000000000000004E+036
 1.00000000000000004E+036
 1.00000000000000004E+036
 1.00000000000000004E+036
 1.00000000000000004E+036
 1.00000000000000004E+036
 1.00000000000000004E+036
 1.00000000000000004E+036
 1.00000000000000004E+036
 1.00000000000000004E+036
 1.00000000000000004E+036
 1.00000000000000004E+036
 1.00000000000000004E+036
 1.00000000000000004E+036
 1.00000000000000004E+036
 1.00000000000000004E+036
 1.00000000000000004E+036
 1.00000000000000004E+036
 1.00000000000000004E+036
 1.00000000000000004E+036
 1.00000000000000004E+036
 1.00000000000000004E+036
 1.00000000000000004E+036
 1.00000000000000004E+036
 1.00000000000000004E+036
 1.00000000000000004E+036
 1.00000000000000004E+036
 1.00000000000000004E+036
 1.00000000000000004E+036
 1.00000000000000004E+036
 1.00000000000000004E+036
 1.00000000000000004E+036
 1.00000000000000004E+036
 1.00000000000000004E+036
 1.00000000000000004E+036
 1.00000000000000004E+036
 1.00000000000000004E+036
 1.00000000000000004E+036
 1.00000000000000004E+036
 1.00000000000000004E+036
 1.00000000000000004E+036
 1.00000000000000004E+036
 1.00000000000000004E+036
 1.00000000000000004E+036
 1.00000000000000004E+036
 1.00000000000000004E+036
 1.00000000000000004E+036
 1.00000000000000004E+036
 0.00000000000000000E+000
-2.57644461050174023E-001
-2.74212028374027972E-001
-2.86904998842457681E-001
-2.99344133760643505E-001
-3.11817000328112881E-001
-3.27545553413753965E-001
-3.42568667517002157E-001
-3.59064745741165980E-001
-3.78148137768389014E-001
-4.02125846061343106E-001
-4.30340482465264518E-001
-4.64814549898168394E-001
-5.08289619040437790E-001
-5.59294797852806891E-001
-6.19911104320403306E-001
-6.91544469734430955E-001
-7.75055102641669880E-001
-8.67198227295724156E-001
-9.55748362608906499E-001
 0.00000000000000000E+000
 0.00000000000000000E+000
 0.00000000000000000E+000
 0.00000000000000000E+000
 0.00000000000000000E+000
 0.00000000000000000E+000
 0.00000000000000000E+000
 0.00000000000000000E+000
 0.00000000000000000E+000
 0.00000000000000000E+000
 0.00000000000000000E+000
 0.00000000000000000E+000
 0.00000000000000000E+000
 0.00000000000000000E+000
 0.00000000000000000E+000
 0.00000000000000000E+000
 0.00000000000000000E+000
 0.00000000000000000E+000
 0.00000000000000000E+000
 0.00000000000000000E+000
 0.00000000000000000E+000
 0.00000000000000000E+000
 0.00000000000000000E+000
 0.00000000000000000E+000
 0.00000000000000000E+000
 0.00000000000000000E+000
 1.00000000000000004E+036
 1.00000000000000004E+036
 1.00000000000000004E+036
 1.00000000000000004E+036
 1.00000000000000004E+036
 1.00000000000000004E+036
 1.00000000000000004E+036
 1.00000000000000004E+036
 1.00000000000000004E+036
 1.00000000000000004E+036
 1.00000000000000004E+036
 1.00000000000000004E+036
 1.00000000000000004E+036
 1.00000000000000004E+036
 1.00000000000000004E+036
 1.00000000000000004E+036
 1.00000000000000004E+036
 1.00000000000000004E+036
 1.00000000000000004E+036
 1.00000000000000004E+036
 1.00000000000000004E+036
 1.00000000000000004E+036
 1.00000000000000004E+036
 1.00000000000000004E+036
 1.00000000000000004E+036
 1.00000000000000004E+036
 1.00000000000000004E+036
 1.00000000000000004E+036
 1.00000000000000004E+036
 1.00000000000000004E+036
 1.00000000000000004E+036
 1.00000000000000004E+036
 1.00000000000000004E+036
 1.00000000000000004E+036
 1.00000000000000004E+036
 1.00000000000000004E+036
 1.00000000000000004E+036
 1.00000000000000004E+036
 1.00000000000000004E+036
 1.00000000000000004E+036
 1.00000000000000004E+036
 1.00000000000000004E+036
 1.00000000000000004E+036
 1.00000000000000004E+036
 1.00000000000000004E+036
 1.00000000000000004E+036
 1.00000000000000004E+036
 1.00000000000000004E+036
 1.00000000000000004E+036
 1.00000000000000004E+036
 1.00000000000000004E+036
 1.00000000000000004E+036
 1.00000000000000004E+036
 1.00000000000000004E+036
# INPUT: mlcanopy_inst__lwp_leaf(1,100,2)
 0.00000000000000000E+000
-5.50836793483439391E-001
-6.54796786896988947E-001
-7.25397603633078703E-001
-7.79807568644198201E-001
-8.25331064131855863E-001
-8.65797718971288432E-001
-9.05251626435369050E-001
-9.43703930745861008E-001
-9.82750298462782834E-001
-1.02104338124537186E+000
-1.05580662935089031E+000
-1.10038363035817111E+000
-1.15615496357946013E+000
-1.21739911760594133E+000
-1.28394058923630761E+000
-1.35662616187688867E+000
-1.43459088480701347E+000
-1.50960478069000903E+000
-1.55083797635070564E+000
 0.00000000000000000E+000
 0.00000000000000000E+000
 0.00000000000000000E+000
 0.00000000000000000E+000
 0.00000000000000000E+000
 0.00000000000000000E+000
 0.00000000000000000E+000
 0.00000000000000000E+000
 0.00000000000000000E+000
 0.00000000000000000E+000
 0.00000000000000000E+000
 0.00000000000000000E+000
 0.00000000000000000E+000
 0.00000000000000000E+000
 0.00000000000000000E+000
 0.00000000000000000E+000
 0.00000000000000000E+000
 0.00000000000000000E+000
 0.00000000000000000E+000
 0.00000000000000000E+000
 0.00000000000000000E+000
 0.00000000000000000E+000
 0.00000000000000000E+000
 0.00000000000000000E+000
 0.00000000000000000E+000
 0.00000000000000000E+000
-1.00000000000000006E-001
-1.00000000000000006E-001
-1.00000000000000006E-001
-1.00000000000000006E-001
-1.00000000000000006E-001
-1.00000000000000006E-001
-1.00000000000000006E-001
-1.00000000000000006E-001
-1.00000000000000006E-001
-1.00000000000000006E-001
-1.00000000000000006E-001
-1.00000000000000006E-001
-1.00000000000000006E-001
-1.00000000000000006E-001
-1.00000000000000006E-001
-1.00000000000000006E-001
-1.00000000000000006E-001
-1.00000000000000006E-001
-1.00000000000000006E-001
-1.00000000000000006E-001
-1.00000000000000006E-001
-1.00000000000000006E-001
-1.00000000000000006E-001
-1.00000000000000006E-001
-1.00000000000000006E-001
-1.00000000000000006E-001
-1.00000000000000006E-001
-1.00000000000000006E-001
-1.00000000000000006E-001
-1.00000000000000006E-001
-1.00000000000000006E-001
-1.00000000000000006E-001
-1.00000000000000006E-001
-1.00000000000000006E-001
-1.00000000000000006E-001
-1.00000000000000006E-001
-1.00000000000000006E-001
-1.00000000000000006E-001
-1.00000000000000006E-001
-1.00000000000000006E-001
-1.00000000000000006E-001
-1.00000000000000006E-001
-1.00000000000000006E-001
-1.00000000000000006E-001
-1.00000000000000006E-001
-1.00000000000000006E-001
-1.00000000000000006E-001
-1.00000000000000006E-001
-1.00000000000000006E-001
-1.00000000000000006E-001
-1.00000000000000006E-001
-1.00000000000000006E-001
-1.00000000000000006E-001
-1.00000000000000006E-001
 0.00000000000000000E+000
-2.63874412081195941E-001
-2.80923636906111940E-001
-2.94439903535371028E-001
-3.07253889704707794E-001
-3.20173730407569468E-001
-3.35537569044926487E-001
-3.51233522689092803E-001
-3.69041342773413494E-001
-3.88943909001654653E-001
-4.13703286318944818E-001
-4.42830668185130949E-001
-4.78842046566824719E-001
-5.22954162505048115E-001
-5.75773512721425851E-001
-6.38779118742089036E-001
-7.13705823822786023E-001
-8.00268073362322863E-001
-8.95846238741294876E-001
-9.86670939159590366E-001
 0.00000000000000000E+000
 0.00000000000000000E+000
 0.00000000000000000E+000
 0.00000000000000000E+000
 0.00000000000000000E+000
 0.00000000000000000E+000
 0.00000000000000000E+000
 0.00000000000000000E+000
 0.00000000000000000E+000
 0.00000000000000000E+000
 0.00000000000000000E+000
 0.00000000000000000E+000
 0.00000000000000000E+000
 0.00000000000000000E+000
 0.00000000000000000E+000
 0.00000000000000000E+000
 0.00000000000000000E+000
 0.00000000000000000E+000
 0.00000000000000000E+000
 0.00000000000000000E+000
 0.00000000000000000E+000
 0.00000000000000000E+000
 0.00000000000000000E+000
 0.00000000000000000E+000
 0.00000000000000000E+000
 0.00000000000000000E+000
-1.00000000000000006E-001
-1.00000000000000006E-001
-1.00000000000000006E-001
-1.00000000000000006E-001
-1.00000000000000006E-001
-1.00000000000000006E-001
-1.00000000000000006E-001
-1.00000000000000006E-001
-1.00000000000000006E-001
-1.00000000000000006E-001
-1.00000000000000006E-001
-1.00000000000000006E-001
-1.00000000000000006E-001
-1.00000000000000006E-001
-1.00000000000000006E-001
-1.00000000000000006E-001
-1.00000000000000006E-001
-1.00000000000000006E-001
-1.00000000000000006E-001
-1.00000000000000006E-001
-1.00000000000000006E-001
-1.00000000000000006E-001
-1.00000000000000006E-001
-1.00000000000000006E-001
-1.00000000000000006E-001
-1.00000000000000006E-001
-1.00000000000000006E-001
-1.00000000000000006E-001
-1.00000000000000006E-001
-1.00000000000000006E-001
-1.00000000000000006E-001
-1.00000000000000006E-001
-1.00000000000000006E-001
-1.00000000000000006E-001
-1.00000000000000006E-001
-1.00000000000000006E-001
-1.00000000000000006E-001
-1.00000000000000006E-001
-1.00000000000000006E-001
-1.00000000000000006E-001
-1.00000000000000006E-001
-1.00000000000000006E-001
-1.00000000000000006E-001
-1.00000000000000006E-001
-1.00000000000000006E-001
-1.00000000000000006E-001
-1.00000000000000006E-001
-1.00000000000000006E-001
-1.00000000000000006E-001
-1.00000000000000006E-001
-1.00000000000000006E-001
-1.00000000000000006E-001
-1.00000000000000006E-001
-1.00000000000000006E-001
# INPUT: mlcanopy_inst__ncan_canopy(1)
46
# INPUT: mlcanopy_inst__psis_soil(1)
-2.34744390717924523E-001
# INPUT: mlcanopy_inst__trleaf_leaf(1,100,2)
 0.00000000000000000E+000
 1.81179183655440549E-003
 2.36664256931568440E-003
 2.72903281143577724E-003
 2.99975851348439296E-003
 3.22301347295629982E-003
 3.42868451870447779E-003
 3.61719290810596410E-003
 3.80904047661151683E-003
 4.00528666477853196E-003
 4.20553063883365684E-003
 4.39606610584688043E-003
 4.57221581645644685E-003
 4.85817958201330106E-003
 5.17949983297271484E-003
 5.53227174245882972E-003
 5.91696060398269347E-003
 6.31268878417695720E-003
 6.53829078046044062E-003
 6.46089236811746032E-003
 0.00000000000000000E+000
 0.00000000000000000E+000
 0.00000000000000000E+000
 0.00000000000000000E+000
 0.00000000000000000E+000
 0.00000000000000000E+000
 0.00000000000000000E+000
 0.00000000000000000E+000
 0.00000000000000000E+000
 0.00000000000000000E+000
 0.00000000000000000E+000
 0.00000000000000000E+000
 0.00000000000000000E+000
 0.00000000000000000E+000
 0.00000000000000000E+000
 0.00000000000000000E+000
 0.00000000000000000E+000
 0.00000000000000000E+000
 0.00000000000000000E+000
 0.00000000000000000E+000
 0.00000000000000000E+000
 0.00000000000000000E+000
 0.00000000000000000E+000
 0.00000000000000000E+000
 0.00000000000000000E+000
 0.00000000000000000E+000
 1.00000000000000004E+036
 1.00000000000000004E+036
 1.00000000000000004E+036
 1.00000000000000004E+036
 1.00000000000000004E+036
 1.00000000000000004E+036
 1.00000000000000004E+036
 1.00000000000000004E+036
 1.00000000000000004E+036
 1.00000000000000004E+036
 1.00000000000000004E+036
 1.00000000000000004E+036
 1.00000000000000004E+036
 1.00000000000000004E+036
 1.00000000000000004E+036
 1.00000000000000004E+036
 1.00000000000000004E+036
 1.00000000000000004E+036
 1.00000000000000004E+036
 1.00000000000000004E+036
 1.00000000000000004E+036
 1.00000000000000004E+036
 1.00000000000000004E+036
 1.00000000000000004E+036
 1.00000000000000004E+036
 1.00000000000000004E+036
 1.00000000000000004E+036
 1.00000000000000004E+036
 1.00000000000000004E+036
 1.00000000000000004E+036
 1.00000000000000004E+036
 1.00000000000000004E+036
 1.00000000000000004E+036
 1.00000000000000004E+036
 1.00000000000000004E+036
 1.00000000000000004E+036
 1.00000000000000004E+036
 1.00000000000000004E+036
 1.00000000000000004E+036
 1.00000000000000004E+036
 1.00000000000000004E+036
 1.00000000000000004E+036
 1.00000000000000004E+036
 1.00000000000000004E+036
 1.00000000000000004E+036
 1.00000000000000004E+036
 1.00000000000000004E+036
 1.00000000000000004E+036
 1.00000000000000004E+036
 1.00000000000000004E+036
 1.00000000000000004E+036
 1.00000000000000004E+036
 1.00000000000000004E+036
 1.00000000000000004E+036
 0.00000000000000000E+000
 2.15488298177796806E-004
 2.84306015224691149E-004
 3.41268687721058743E-004
 3.87068482210751053E-004
 4.34512384762731404E-004
 4.99789354940765847E-004
 5.44706830118976649E-004
 6.31605643509210797E-004
 7.20023148821985633E-004
 8.31887920822299933E-004
 9.67432966467451807E-004
 1.14854390174427747E-003
 1.37383529570480017E-003
 1.64241766436103317E-003
 1.97151365946528732E-003
 2.35868730163024979E-003
 2.81793735754584315E-003
 3.32931148678690348E-003
 3.81732443896470527E-003
 0.00000000000000000E+000
 0.00000000000000000E+000
 0.00000000000000000E+000
 0.00000000000000000E+000
 0.00000000000000000E+000
 0.00000000000000000E+000
 0.00000000000000000E+000
 0.00000000000000000E+000
 0.00000000000000000E+000
 0.00000000000000000E+000
 0.00000000000000000E+000
 0.00000000000000000E+000
 0.00000000000000000E+000
 0.00000000000000000E+000
 0.00000000000000000E+000
 0.00000000000000000E+000
 0.00000000000000000E+000
 0.00000000000000000E+000
 0.00000000000000000E+000
 0.00000000000000000E+000
 0.00000000000000000E+000
 0.00000000000000000E+000
 0.00000000000000000E+000
 0.00000000000000000E+000
 0.00000000000000000E+000
 0.00000000000000000E+000
 1.00000000000000004E+036
 1.00000000000000004E+036
 1.00000000000000004E+036
 1.00000000000000004E+036
 1.00000000000000004E+036
 1.00000000000000004E+036
 1.00000000000000004E+036
 1.00000000000000004E+036
 1.00000000000000004E+036
 1.00000000000000004E+036
 1.00000000000000004E+036
 1.00000000000000004E+036
 1.00000000000000004E+036
 1.00000000000000004E+036
 1.00000000000000004E+036
 1.00000000000000004E+036
 1.00000000000000004E+036
 1.00000000000000004E+036
 1.00000000000000004E+036
 1.00000000000000004E+036
 1.00000000000000004E+036
 1.00000000000000004E+036
 1.00000000000000004E+036
 1.00000000000000004E+036
 1.00000000000000004E+036
 1.00000000000000004E+036
 1.00000000000000004E+036
 1.00000000000000004E+036
 1.00000000000000004E+036
 1.00000000000000004E+036
 1.00000000000000004E+036
 1.00000000000000004E+036
 1.00000000000000004E+036
 1.00000000000000004E+036
 1.00000000000000004E+036
 1.00000000000000004E+036
 1.00000000000000004E+036
 1.00000000000000004E+036
 1.00000000000000004E+036
 1.00000000000000004E+036
 1.00000000000000004E+036
 1.00000000000000004E+036
 1.00000000000000004E+036
 1.00000000000000004E+036
 1.00000000000000004E+036
 1.00000000000000004E+036
 1.00000000000000004E+036
 1.00000000000000004E+036
 1.00000000000000004E+036
 1.00000000000000004E+036
 1.00000000000000004E+036
 1.00000000000000004E+036
 1.00000000000000004E+036
 1.00000000000000004E+036
# INPUT: mlcanopy_inst__zs_profile(1,100)
 2.50000000000000000E-001
 7.50000000000000000E-001
 1.25000000000000000E+000
 1.75000000000000000E+000
 2.25000000000000000E+000
 2.75000000000000000E+000
 3.25000000000000000E+000
 3.75000000000000000E+000
 4.25000000000000000E+000
 4.75000000000000000E+000
 5.25000000000000000E+000
 5.75000000000000000E+000
 6.25000000000000000E+000
 6.75000000000000000E+000
 7.25000000000000000E+000
 7.75000000000000000E+000
 8.25000000000000000E+000
 8.75000000000000000E+000
 9.25000000000000000E+000
 9.75000000000000000E+000
 1.02500000000000000E+001
 1.07500000000000000E+001
 1.12500000000000000E+001
 1.17500000000000000E+001
 1.22500000000000000E+001
 1.27500000000000000E+001
 1.32500000000000000E+001
 1.37500000000000000E+001
 1.42500000000000000E+001
 1.47500000000000000E+001
 1.52500000000000000E+001
 1.57500000000000000E+001
 1.62500000000000000E+001
 1.67500000000000000E+001
 1.72500000000000000E+001
 1.77500000000000000E+001
 1.82500000000000000E+001
 1.87500000000000000E+001
 1.92500000000000000E+001
 1.97500000000000000E+001
 2.02500000000000000E+001
 2.07500000000000000E+001
 2.12500000000000000E+001
 2.17500000000000000E+001
 2.22500000000000000E+001
 2.27500000000000000E+001
 1.00000000000000004E+036
 1.00000000000000004E+036
 1.00000000000000004E+036
 1.00000000000000004E+036
 1.00000000000000004E+036
 1.00000000000000004E+036
 1.00000000000000004E+036
 1.00000000000000004E+036
 1.00000000000000004E+036
 1.00000000000000004E+036
 1.00000000000000004E+036
 1.00000000000000004E+036
 1.00000000000000004E+036
 1.00000000000000004E+036
 1.00000000000000004E+036
 1.00000000000000004E+036
 1.00000000000000004E+036
 1.00000000000000004E+036
 1.00000000000000004E+036
 1.00000000000000004E+036
 1.00000000000000004E+036
 1.00000000000000004E+036
 1.00000000000000004E+036
 1.00000000000000004E+036
 1.00000000000000004E+036
 1.00000000000000004E+036
 1.00000000000000004E+036
 1.00000000000000004E+036
 1.00000000000000004E+036
 1.00000000000000004E+036
 1.00000000000000004E+036
 1.00000000000000004E+036
 1.00000000000000004E+036
 1.00000000000000004E+036
 1.00000000000000004E+036
 1.00000000000000004E+036
 1.00000000000000004E+036
 1.00000000000000004E+036
 1.00000000000000004E+036
 1.00000000000000004E+036
 1.00000000000000004E+036
 1.00000000000000004E+036
 1.00000000000000004E+036
 1.00000000000000004E+036
 1.00000000000000004E+036
 1.00000000000000004E+036
 1.00000000000000004E+036
 1.00000000000000004E+036
 1.00000000000000004E+036
 1.00000000000000004E+036
 1.00000000000000004E+036
 1.00000000000000004E+036
 1.00000000000000004E+036
 1.00000000000000004E+036
# INPUT: mlpftcon__capac_spa(79)
-9.99000000000000000E+002
 2.50000000000000000E+003
 2.50000000000000000E+003
 2.50000000000000000E+003
 2.50000000000000000E+003
 2.50000000000000000E+003
 2.50000000000000000E+003
 2.50000000000000000E+003
 2.50000000000000000E+003
 2.50000000000000000E+003
 2.50000000000000000E+003
 2.50000000000000000E+003
 5.00000000000000000E+002
 5.00000000000000000E+002
 5.00000000000000000E+002
 5.00000000000000000E+002
 5.00000000000000000E+002
-9.99000000000000000E+002
-9.99000000000000000E+002
-9.99000000000000000E+002
-9.99000000000000000E+002
-9.99000000000000000E+002
-9.99000000000000000E+002
-9.99000000000000000E+002
-9.99000000000000000E+002
-9.99000000000000000E+002
-9.99000000000000000E+002
-9.99000000000000000E+002
-9.99000000000000000E+002
-9.99000000000000000E+002
-9.99000000000000000E+002
-9.99000000000000000E+002
-9.99000000000000000E+002
-9.99000000000000000E+002
-9.99000000000000000E+002
-9.99000000000000000E+002
-9.99000000000000000E+002
-9.99000000000000000E+002
-9.99000000000000000E+002
-9.99000000000000000E+002
-9.99000000000000000E+002
-9.99000000000000000E+002
-9.99000000000000000E+002
-9.99000000000000000E+002
-9.99000000000000000E+002
-9.99000000000000000E+002
-9.99000000000000000E+002
-9.99000000000000000E+002
-9.99000000000000000E+002
-9.99000000000000000E+002
-9.99000000000000000E+002
-9.99000000000000000E+002
-9.99000000000000000E+002
-9.99000000000000000E+002
-9.99000000000000000E+002
-9.99000000000000000E+002
-9.99000000000000000E+002
-9.99000000000000000E+002
-9.99000000000000000E+002
-9.99000000000000000E+002
-9.99000000000000000E+002
-9.99000000000000000E+002
-9.99000000000000000E+002
-9.99000000000000000E+002
-9.99000000000000000E+002
-9.99000000000000000E+002
-9.99000000000000000E+002
-9.99000000000000000E+002
-9.99000000000000000E+002
-9.99000000000000000E+002
-9.99000000000000000E+002
-9.99000000000000000E+002
-9.99000000000000000E+002
-9.99000000000000000E+002
-9.99000000000000000E+002
-9.99000000000000000E+002
-9.99000000000000000E+002
-9.99000000000000000E+002
-9.99000000000000000E+002
# INPUT: patch__itype(1)
7
# INPUT: clm_varcon__denh2o
 1.00000000000000000E+003
# INPUT: clm_varcon__grav
 9.80664999999999942E+000
# INPUT: mlclm_varctl__dtime_ml
 3.00000000000000000E+002
# OUTPUT: mlcanopy_inst__lwp_leaf(1,100,2)
 0.00000000000000000E+000
-5.67402887734050232E-001
-6.75106082483066805E-001
-7.47659414292451530E-001
-8.03137847379183034E-001
-8.49813242920636758E-001
-8.92057971372183567E-001
-9.32171778482848046E-001
-9.72049043308326643E-001
-1.01256585846621738E+000
-1.05305216918557232E+000
-1.09230461466109086E+000
-1.13327882916040346E+000
-1.19070572082001180E+000
-1.25431192828323956E+000
-1.32373344798739256E+000
-1.39913925220094715E+000
-1.47836112819828869E+000
-1.54126140266054357E+000
-1.55606236495368089E+000
 0.00000000000000000E+000
 0.00000000000000000E+000
 0.00000000000000000E+000
 0.00000000000000000E+000
 0.00000000000000000E+000
 0.00000000000000000E+000
 0.00000000000000000E+000
 0.00000000000000000E+000
 0.00000000000000000E+000
 0.00000000000000000E+000
 0.00000000000000000E+000
 0.00000000000000000E+000
 0.00000000000000000E+000
 0.00000000000000000E+000
 0.00000000000000000E+000
 0.00000000000000000E+000
 0.00000000000000000E+000
 0.00000000000000000E+000
 0.00000000000000000E+000
 0.00000000000000000E+000
 0.00000000000000000E+000
 0.00000000000000000E+000
 0.00000000000000000E+000
 0.00000000000000000E+000
 0.00000000000000000E+000
 0.00000000000000000E+000
-1.00000000000000006E-001
-1.00000000000000006E-001
-1.00000000000000006E-001
-1.00000000000000006E-001
-1.00000000000000006E-001
-1.00000000000000006E-001
-1.00000000000000006E-001
-1.00000000000000006E-001
-1.00000000000000006E-001
-1.00000000000000006E-001
-1.00000000000000006E-001
-1.00000000000000006E-001
-1.00000000000000006E-001
-1.00000000000000006E-001
-1.00000000000000006E-001
-1.00000000000000006E-001
-1.00000000000000006E-001
-1.00000000000000006E-001
-1.00000000000000006E-001
-1.00000000000000006E-001
-1.00000000000000006E-001
-1.00000000000000006E-001
-1.00000000000000006E-001
-1.00000000000000006E-001
-1.00000000000000006E-001
-1.00000000000000006E-001
-1.00000000000000006E-001
-1.00000000000000006E-001
-1.00000000000000006E-001
-1.00000000000000006E-001
-1.00000000000000006E-001
-1.00000000000000006E-001
-1.00000000000000006E-001
-1.00000000000000006E-001
-1.00000000000000006E-001
-1.00000000000000006E-001
-1.00000000000000006E-001
-1.00000000000000006E-001
-1.00000000000000006E-001
-1.00000000000000006E-001
-1.00000000000000006E-001
-1.00000000000000006E-001
-1.00000000000000006E-001
-1.00000000000000006E-001
-1.00000000000000006E-001
-1.00000000000000006E-001
-1.00000000000000006E-001
-1.00000000000000006E-001
-1.00000000000000006E-001
-1.00000000000000006E-001
-1.00000000000000006E-001
-1.00000000000000006E-001
-1.00000000000000006E-001
-1.00000000000000006E-001
 0.00000000000000000E+000
-2.63874412081195941E-001
-2.80923636906111940E-001
-2.94439903535371028E-001
-3.07253889704707794E-001
-3.20173730407569468E-001
-3.35537569044926487E-001
-3.51233522689092803E-001
-3.69041342773413494E-001
-3.88943909001654653E-001
-4.13703286318944818E-001
-4.42830668185130949E-001
-4.78842046566824719E-001
-5.22954162505048115E-001
-5.75773512721425851E-001
-6.38779118742089036E-001
-7.13705823822786023E-001
-8.00268073362322863E-001
-8.95846238741294876E-001
-9.86670939159590366E-001
 0.00000000000000000E+000
 0.00000000000000000E+000
 0.00000000000000000E+000
 0.00000000000000000E+000
 0.00000000000000000E+000
 0.00000000000000000E+000
 0.00000000000000000E+000
 0.00000000000000000E+000
 0.00000000000000000E+000
 0.00000000000000000E+000
 0.00000000000000000E+000
 0.00000000000000000E+000
 0.00000000000000000E+000
 0.00000000000000000E+000
 0.00000000000000000E+000
 0.00000000000000000E+000
 0.00000000000000000E+000
 0.00000000000000000E+000
 0.00000000000000000E+000
 0.00000000000000000E+000
 0.00000000000000000E+000
 0.00000000000000000E+000
 0.00000000000000000E+000
 0.00000000000000000E+000
 0.00000000000000000E+000
 0.00000000000000000E+000
-1.00000000000000006E-001
-1.00000000000000006E-001
-1.00000000000000006E-001
-1.00000000000000006E-001
-1.00000000000000006E-001
-1.00000000000000006E-001
-1.00000000000000006E-001
-1.00000000000000006E-001
-1.00000000000000006E-001
-1.00000000000000006E-001
-1.00000000000000006E-001
-1.00000000000000006E-001
-1.00000000000000006E-001
-1.00000000000000006E-001
-1.00000000000000006E-001
-1.00000000000000006E-001
-1.00000000000000006E-001
-1.00000000000000006E-001
-1.00000000000000006E-001
-1.00000000000000006E-001
-1.00000000000000006E-001
-1.00000000000000006E-001
-1.00000000000000006E-001
-1.00000000000000006E-001
-1.00000000000000006E-001
-1.00000000000000006E-001
-1.00000000000000006E-001
-1.00000000000000006E-001
-1.00000000000000006E-001
-1.00000000000000006E-001
-1.00000000000000006E-001
-1.00000000000000006E-001
-1.00000000000000006E-001
-1.00000000000000006E-001
-1.00000000000000006E-001
-1.00000000000000006E-001
-1.00000000000000006E-001
-1.00000000000000006E-001
-1.00000000000000006E-001
-1.00000000000000006E-001
-1.00000000000000006E-001
-1.00000000000000006E-001
-1.00000000000000006E-001
-1.00000000000000006E-001
-1.00000000000000006E-001
-1.00000000000000006E-001
-1.00000000000000006E-001
-1.00000000000000006E-001
-1.00000000000000006E-001
-1.00000000000000006E-001
-1.00000000000000006E-001
-1.00000000000000006E-001
-1.00000000000000006E-001
-1.00000000000000006E-001
