# PROBE mllongwaveradiationmod.longwaveradiation_flat: call=35
# num_filter = 1
# np_ = 1
# INPUT: filter(1)
1
# INPUT: mlcanopy_inst__dpai_profile(1,100)
 0.00000000000000000E+000
 1.78551353570273429E-002
 3.11655641162021727E-002
 4.57148859213814471E-002
 6.12493639624123037E-002
 7.75313959945820030E-002
 9.43346110262384407E-002
 1.11434803884834954E-001
 1.28601049978836285E-001
 1.45586493163041897E-001
 1.62117246374047785E-001
 1.77877862367811335E-001
 1.92490098223176753E-001
 2.05479351517816183E-001
 2.16217367616885509E-001
 2.23814705886579951E-001
 2.26892468212283621E-001
 2.23004465358848158E-001
 2.06653578762819423E-001
 1.51979540354245490E-001
 0.00000000000000000E+000
 0.00000000000000000E+000
 0.00000000000000000E+000
 0.00000000000000000E+000
 0.00000000000000000E+000
 0.00000000000000000E+000
 0.00000000000000000E+000
 0.00000000000000000E+000
 0.00000000000000000E+000
 0.00000000000000000E+000
 0.00000000000000000E+000
 0.00000000000000000E+000
 0.00000000000000000E+000
 0.00000000000000000E+000
 0.00000000000000000E+000
 0.00000000000000000E+000
 0.00000000000000000E+000
 0.00000000000000000E+000
 0.00000000000000000E+000
 0.00000000000000000E+000
 0.00000000000000000E+000
 0.00000000000000000E+000
 0.00000000000000000E+000
 0.00000000000000000E+000
 0.00000000000000000E+000
 0.00000000000000000E+000
 1.00000000000000004E+036
 1.00000000000000004E+036
 1.00000000000000004E+036
 1.00000000000000004E+036
 1.00000000000000004E+036
 1.00000000000000004E+036
 1.00000000000000004E+036
 1.00000000000000004E+036
 1.00000000000000004E+036
 1.00000000000000004E+036
 1.00000000000000004E+036
 1.00000000000000004E+036
 1.00000000000000004E+036
 1.00000000000000004E+036
 1.00000000000000004E+036
 1.00000000000000004E+036
 1.00000000000000004E+036
 1.00000000000000004E+036
 1.00000000000000004E+036
 1.00000000000000004E+036
 1.00000000000000004E+036
 1.00000000000000004E+036
 1.00000000000000004E+036
 1.00000000000000004E+036
 1.00000000000000004E+036
 1.00000000000000004E+036
 1.00000000000000004E+036
 1.00000000000000004E+036
 1.00000000000000004E+036
 1.00000000000000004E+036
 1.00000000000000004E+036
 1.00000000000000004E+036
 1.00000000000000004E+036
 1.00000000000000004E+036
 1.00000000000000004E+036
 1.00000000000000004E+036
 1.00000000000000004E+036
 1.00000000000000004E+036
 1.00000000000000004E+036
 1.00000000000000004E+036
 1.00000000000000004E+036
 1.00000000000000004E+036
 1.00000000000000004E+036
 1.00000000000000004E+036
 1.00000000000000004E+036
 1.00000000000000004E+036
 1.00000000000000004E+036
 1.00000000000000004E+036
 1.00000000000000004E+036
 1.00000000000000004E+036
 1.00000000000000004E+036
 1.00000000000000004E+036
 1.00000000000000004E+036
 1.00000000000000004E+036
# INPUT: mlcanopy_inst__fracsun_profile(1,100)
 0.00000000000000000E+000
 8.78756827390805711E-002
 8.98457762308608465E-002
 9.30251570994521798E-002
 9.76370198053592986E-002
 1.03963476438366009E-001
 1.12369554223078663E-001
 1.23332828615414725E-001
 1.37480690173225201E-001
 1.55637487705029082E-001
 1.78883353261734157E-001
 2.08624916776808916E-001
 2.46673933886725011E-001
 2.95320084060368193E-001
 3.57362703756044897E-001
 4.36019488657296395E-001
 5.34525542804822118E-001
 6.54976498334602586E-001
 7.95121658770018169E-001
 9.34368926641539588E-001
 0.00000000000000000E+000
 0.00000000000000000E+000
 0.00000000000000000E+000
 0.00000000000000000E+000
 0.00000000000000000E+000
 0.00000000000000000E+000
 0.00000000000000000E+000
 0.00000000000000000E+000
 0.00000000000000000E+000
 0.00000000000000000E+000
 0.00000000000000000E+000
 0.00000000000000000E+000
 0.00000000000000000E+000
 0.00000000000000000E+000
 0.00000000000000000E+000
 0.00000000000000000E+000
 0.00000000000000000E+000
 0.00000000000000000E+000
 0.00000000000000000E+000
 0.00000000000000000E+000
 0.00000000000000000E+000
 0.00000000000000000E+000
 0.00000000000000000E+000
 0.00000000000000000E+000
 0.00000000000000000E+000
 0.00000000000000000E+000
 1.00000000000000004E+036
 1.00000000000000004E+036
 1.00000000000000004E+036
 1.00000000000000004E+036
 1.00000000000000004E+036
 1.00000000000000004E+036
 1.00000000000000004E+036
 1.00000000000000004E+036
 1.00000000000000004E+036
 1.00000000000000004E+036
 1.00000000000000004E+036
 1.00000000000000004E+036
 1.00000000000000004E+036
 1.00000000000000004E+036
 1.00000000000000004E+036
 1.00000000000000004E+036
 1.00000000000000004E+036
 1.00000000000000004E+036
 1.00000000000000004E+036
 1.00000000000000004E+036
 1.00000000000000004E+036
 1.00000000000000004E+036
 1.00000000000000004E+036
 1.00000000000000004E+036
 1.00000000000000004E+036
 1.00000000000000004E+036
 1.00000000000000004E+036
 1.00000000000000004E+036
 1.00000000000000004E+036
 1.00000000000000004E+036
 1.00000000000000004E+036
 1.00000000000000004E+036
 1.00000000000000004E+036
 1.00000000000000004E+036
 1.00000000000000004E+036
 1.00000000000000004E+036
 1.00000000000000004E+036
 1.00000000000000004E+036
 1.00000000000000004E+036
 1.00000000000000004E+036
 1.00000000000000004E+036
 1.00000000000000004E+036
 1.00000000000000004E+036
 1.00000000000000004E+036
 1.00000000000000004E+036
 1.00000000000000004E+036
 1.00000000000000004E+036
 1.00000000000000004E+036
 1.00000000000000004E+036
 1.00000000000000004E+036
 1.00000000000000004E+036
 1.00000000000000004E+036
 1.00000000000000004E+036
 1.00000000000000004E+036
# INPUT: mlcanopy_inst__lwdwn_profile(1,101)
 4.41938120067157797E+002
 0.00000000000000000E+000
 4.41688392647509318E+002
 4.41209830569874612E+002
 4.40491841295824997E+002
 4.39517067549288186E+002
 4.38260267762849253E+002
 4.36689151172329730E+002
 4.34761629668901151E+002
 4.32423462285427377E+002
 4.29571574629146198E+002
 4.26095850725378114E+002
 4.21841681443551352E+002
 4.16631256275137275E+002
 4.10257976281980518E+002
 4.02460837019836617E+002
 3.92950896893889876E+002
 3.81474904859642265E+002
 3.67985787662262737E+002
 3.53112363000662299E+002
 3.40408582051597477E+002
 0.00000000000000000E+000
 0.00000000000000000E+000
 0.00000000000000000E+000
 0.00000000000000000E+000
 0.00000000000000000E+000
 0.00000000000000000E+000
 0.00000000000000000E+000
 0.00000000000000000E+000
 0.00000000000000000E+000
 0.00000000000000000E+000
 0.00000000000000000E+000
 0.00000000000000000E+000
 0.00000000000000000E+000
 0.00000000000000000E+000
 0.00000000000000000E+000
 0.00000000000000000E+000
 0.00000000000000000E+000
 0.00000000000000000E+000
 0.00000000000000000E+000
 0.00000000000000000E+000
 0.00000000000000000E+000
 0.00000000000000000E+000
 0.00000000000000000E+000
 0.00000000000000000E+000
 0.00000000000000000E+000
 0.00000000000000000E+000
 1.00000000000000004E+036
 1.00000000000000004E+036
 1.00000000000000004E+036
 1.00000000000000004E+036
 1.00000000000000004E+036
 1.00000000000000004E+036
 1.00000000000000004E+036
 1.00000000000000004E+036
 1.00000000000000004E+036
 1.00000000000000004E+036
 1.00000000000000004E+036
 1.00000000000000004E+036
 1.00000000000000004E+036
 1.00000000000000004E+036
 1.00000000000000004E+036
 1.00000000000000004E+036
 1.00000000000000004E+036
 1.00000000000000004E+036
 1.00000000000000004E+036
 1.00000000000000004E+036
 1.00000000000000004E+036
 1.00000000000000004E+036
 1.00000000000000004E+036
 1.00000000000000004E+036
 1.00000000000000004E+036
 1.00000000000000004E+036
 1.00000000000000004E+036
 1.00000000000000004E+036
 1.00000000000000004E+036
 1.00000000000000004E+036
 1.00000000000000004E+036
 1.00000000000000004E+036
 1.00000000000000004E+036
 1.00000000000000004E+036
 1.00000000000000004E+036
 1.00000000000000004E+036
 1.00000000000000004E+036
 1.00000000000000004E+036
 1.00000000000000004E+036
 1.00000000000000004E+036
 1.00000000000000004E+036
 1.00000000000000004E+036
 1.00000000000000004E+036
 1.00000000000000004E+036
 1.00000000000000004E+036
 1.00000000000000004E+036
 1.00000000000000004E+036
 1.00000000000000004E+036
 1.00000000000000004E+036
 1.00000000000000004E+036
 1.00000000000000004E+036
 1.00000000000000004E+036
 1.00000000000000004E+036
 1.00000000000000004E+036
# INPUT: mlcanopy_inst__lwleaf_leaf(1,100,2)
 0.00000000000000000E+000
-1.43244511765873526E+001
-1.40822248297773971E+001
-1.31877651852838138E+001
-1.23884846688670223E+001
-1.18558042169019746E+001
-1.15968867299496896E+001
-1.16397122106264401E+001
-1.20125967213830158E+001
-1.31874874970502614E+001
-1.48864745248554975E+001
-1.73380474487318281E+001
-2.04758325668323025E+001
-2.43628033226214669E+001
-2.93828428562409982E+001
-3.58431445131800928E+001
-4.40277992346651104E+001
-5.40978354999196895E+001
-6.58257558158428822E+001
-7.85604109507278991E+001
 0.00000000000000000E+000
 0.00000000000000000E+000
 0.00000000000000000E+000
 0.00000000000000000E+000
 0.00000000000000000E+000
 0.00000000000000000E+000
 0.00000000000000000E+000
 0.00000000000000000E+000
 0.00000000000000000E+000
 0.00000000000000000E+000
 0.00000000000000000E+000
 0.00000000000000000E+000
 0.00000000000000000E+000
 0.00000000000000000E+000
 0.00000000000000000E+000
 0.00000000000000000E+000
 0.00000000000000000E+000
 0.00000000000000000E+000
 0.00000000000000000E+000
 0.00000000000000000E+000
 0.00000000000000000E+000
 0.00000000000000000E+000
 0.00000000000000000E+000
 0.00000000000000000E+000
 0.00000000000000000E+000
 0.00000000000000000E+000
 1.00000000000000004E+036
 1.00000000000000004E+036
 1.00000000000000004E+036
 1.00000000000000004E+036
 1.00000000000000004E+036
 1.00000000000000004E+036
 1.00000000000000004E+036
 1.00000000000000004E+036
 1.00000000000000004E+036
 1.00000000000000004E+036
 1.00000000000000004E+036
 1.00000000000000004E+036
 1.00000000000000004E+036
 1.00000000000000004E+036
 1.00000000000000004E+036
 1.00000000000000004E+036
 1.00000000000000004E+036
 1.00000000000000004E+036
 1.00000000000000004E+036
 1.00000000000000004E+036
 1.00000000000000004E+036
 1.00000000000000004E+036
 1.00000000000000004E+036
 1.00000000000000004E+036
 1.00000000000000004E+036
 1.00000000000000004E+036
 1.00000000000000004E+036
 1.00000000000000004E+036
 1.00000000000000004E+036
 1.00000000000000004E+036
 1.00000000000000004E+036
 1.00000000000000004E+036
 1.00000000000000004E+036
 1.00000000000000004E+036
 1.00000000000000004E+036
 1.00000000000000004E+036
 1.00000000000000004E+036
 1.00000000000000004E+036
 1.00000000000000004E+036
 1.00000000000000004E+036
 1.00000000000000004E+036
 1.00000000000000004E+036
 1.00000000000000004E+036
 1.00000000000000004E+036
 1.00000000000000004E+036
 1.00000000000000004E+036
 1.00000000000000004E+036
 1.00000000000000004E+036
 1.00000000000000004E+036
 1.00000000000000004E+036
 1.00000000000000004E+036
 1.00000000000000004E+036
 1.00000000000000004E+036
 1.00000000000000004E+036
 0.00000000000000000E+000
-1.43244511765873526E+001
-1.40822248297773971E+001
-1.31877651852838138E+001
-1.23884846688670223E+001
-1.18558042169019746E+001
-1.15968867299496896E+001
-1.16397122106264401E+001
-1.20125967213830158E+001
-1.31874874970502614E+001
-1.48864745248554975E+001
-1.73380474487318281E+001
-2.04758325668323025E+001
-2.43628033226214669E+001
-2.93828428562409982E+001
-3.58431445131800928E+001
-4.40277992346651104E+001
-5.40978354999196895E+001
-6.58257558158428822E+001
-7.85604109507278991E+001
 0.00000000000000000E+000
 0.00000000000000000E+000
 0.00000000000000000E+000
 0.00000000000000000E+000
 0.00000000000000000E+000
 0.00000000000000000E+000
 0.00000000000000000E+000
 0.00000000000000000E+000
 0.00000000000000000E+000
 0.00000000000000000E+000
 0.00000000000000000E+000
 0.00000000000000000E+000
 0.00000000000000000E+000
 0.00000000000000000E+000
 0.00000000000000000E+000
 0.00000000000000000E+000
 0.00000000000000000E+000
 0.00000000000000000E+000
 0.00000000000000000E+000
 0.00000000000000000E+000
 0.00000000000000000E+000
 0.00000000000000000E+000
 0.00000000000000000E+000
 0.00000000000000000E+000
 0.00000000000000000E+000
 0.00000000000000000E+000
 1.00000000000000004E+036
 1.00000000000000004E+036
 1.00000000000000004E+036
 1.00000000000000004E+036
 1.00000000000000004E+036
 1.00000000000000004E+036
 1.00000000000000004E+036
 1.00000000000000004E+036
 1.00000000000000004E+036
 1.00000000000000004E+036
 1.00000000000000004E+036
 1.00000000000000004E+036
 1.00000000000000004E+036
 1.00000000000000004E+036
 1.00000000000000004E+036
 1.00000000000000004E+036
 1.00000000000000004E+036
 1.00000000000000004E+036
 1.00000000000000004E+036
 1.00000000000000004E+036
 1.00000000000000004E+036
 1.00000000000000004E+036
 1.00000000000000004E+036
 1.00000000000000004E+036
 1.00000000000000004E+036
 1.00000000000000004E+036
 1.00000000000000004E+036
 1.00000000000000004E+036
 1.00000000000000004E+036
 1.00000000000000004E+036
 1.00000000000000004E+036
 1.00000000000000004E+036
 1.00000000000000004E+036
 1.00000000000000004E+036
 1.00000000000000004E+036
 1.00000000000000004E+036
 1.00000000000000004E+036
 1.00000000000000004E+036
 1.00000000000000004E+036
 1.00000000000000004E+036
 1.00000000000000004E+036
 1.00000000000000004E+036
 1.00000000000000004E+036
 1.00000000000000004E+036
 1.00000000000000004E+036
 1.00000000000000004E+036
 1.00000000000000004E+036
 1.00000000000000004E+036
 1.00000000000000004E+036
 1.00000000000000004E+036
 1.00000000000000004E+036
 1.00000000000000004E+036
 1.00000000000000004E+036
 1.00000000000000004E+036
# INPUT: mlcanopy_inst__lwsky_forcing(1)
 3.40408582051597477E+002
# INPUT: mlcanopy_inst__lwsoi_soil(1)
-2.18293255509252617E+001
# INPUT: mlcanopy_inst__lwup_canopy(1)
 4.47485722583064955E+002
# INPUT: mlcanopy_inst__lwupw_profile(1,101)
 4.63767445618083059E+002
 0.00000000000000000E+000
 4.63773483213108420E+002
 4.63733801616305755E+002
 4.63618689523258922E+002
 4.63402702583149164E+002
 4.63065099848287332E+002
 4.62587971056552135E+002
 4.61957518600589708E+002
 4.61164183768459168E+002
 4.60232216170505808E+002
 4.59169846524923003E+002
 4.57999732060913232E+002
 4.56730701914487440E+002
 4.55363474949221938E+002
 4.53919416622555730E+002
 4.52431699343880382E+002
 4.50945283347938982E+002
 4.49520225033287943E+002
 4.48249928385797261E+002
 4.47485722583064955E+002
 0.00000000000000000E+000
 0.00000000000000000E+000
 0.00000000000000000E+000
 0.00000000000000000E+000
 0.00000000000000000E+000
 0.00000000000000000E+000
 0.00000000000000000E+000
 0.00000000000000000E+000
 0.00000000000000000E+000
 0.00000000000000000E+000
 0.00000000000000000E+000
 0.00000000000000000E+000
 0.00000000000000000E+000
 0.00000000000000000E+000
 0.00000000000000000E+000
 0.00000000000000000E+000
 0.00000000000000000E+000
 0.00000000000000000E+000
 0.00000000000000000E+000
 0.00000000000000000E+000
 0.00000000000000000E+000
 0.00000000000000000E+000
 0.00000000000000000E+000
 0.00000000000000000E+000
 0.00000000000000000E+000
 0.00000000000000000E+000
 1.00000000000000004E+036
 1.00000000000000004E+036
 1.00000000000000004E+036
 1.00000000000000004E+036
 1.00000000000000004E+036
 1.00000000000000004E+036
 1.00000000000000004E+036
 1.00000000000000004E+036
 1.00000000000000004E+036
 1.00000000000000004E+036
 1.00000000000000004E+036
 1.00000000000000004E+036
 1.00000000000000004E+036
 1.00000000000000004E+036
 1.00000000000000004E+036
 1.00000000000000004E+036
 1.00000000000000004E+036
 1.00000000000000004E+036
 1.00000000000000004E+036
 1.00000000000000004E+036
 1.00000000000000004E+036
 1.00000000000000004E+036
 1.00000000000000004E+036
 1.00000000000000004E+036
 1.00000000000000004E+036
 1.00000000000000004E+036
 1.00000000000000004E+036
 1.00000000000000004E+036
 1.00000000000000004E+036
 1.00000000000000004E+036
 1.00000000000000004E+036
 1.00000000000000004E+036
 1.00000000000000004E+036
 1.00000000000000004E+036
 1.00000000000000004E+036
 1.00000000000000004E+036
 1.00000000000000004E+036
 1.00000000000000004E+036
 1.00000000000000004E+036
 1.00000000000000004E+036
 1.00000000000000004E+036
 1.00000000000000004E+036
 1.00000000000000004E+036
 1.00000000000000004E+036
 1.00000000000000004E+036
 1.00000000000000004E+036
 1.00000000000000004E+036
 1.00000000000000004E+036
 1.00000000000000004E+036
 1.00000000000000004E+036
 1.00000000000000004E+036
 1.00000000000000004E+036
 1.00000000000000004E+036
 1.00000000000000004E+036
# INPUT: mlcanopy_inst__lwveg_canopy(1)
-8.52478149805351677E+001
# INPUT: mlcanopy_inst__nbot_canopy(1)
2
# INPUT: mlcanopy_inst__ncan_canopy(1)
46
# INPUT: mlcanopy_inst__ntop_canopy(1)
20
# INPUT: mlcanopy_inst__td_profile(1,100)
 0.00000000000000000E+000
 9.89179264478177500E-001
 9.77482279053172864E-001
 9.64858125781513420E-001
 9.51562909784709698E-001
 9.37828625670691585E-001
 9.23866863225882518E-001
 9.09876128797868389E-001
 8.96048812983415099E-001
 8.82578168912978245E-001
 8.69666519417642614E-001
 8.57535851831479290E-001
 8.46443286808299167E-001
 8.36705676095154338E-001
 8.28742044051170912E-001
 8.23154357177516172E-001
 8.20901673205141402E-001
 8.23748437991096205E-001
 8.35831047174802277E-001
 8.77561723503765378E-001
 0.00000000000000000E+000
 0.00000000000000000E+000
 0.00000000000000000E+000
 0.00000000000000000E+000
 0.00000000000000000E+000
 0.00000000000000000E+000
 0.00000000000000000E+000
 0.00000000000000000E+000
 0.00000000000000000E+000
 0.00000000000000000E+000
 0.00000000000000000E+000
 0.00000000000000000E+000
 0.00000000000000000E+000
 0.00000000000000000E+000
 0.00000000000000000E+000
 0.00000000000000000E+000
 0.00000000000000000E+000
 0.00000000000000000E+000
 0.00000000000000000E+000
 0.00000000000000000E+000
 0.00000000000000000E+000
 0.00000000000000000E+000
 0.00000000000000000E+000
 0.00000000000000000E+000
 0.00000000000000000E+000
 0.00000000000000000E+000
 1.00000000000000004E+036
 1.00000000000000004E+036
 1.00000000000000004E+036
 1.00000000000000004E+036
 1.00000000000000004E+036
 1.00000000000000004E+036
 1.00000000000000004E+036
 1.00000000000000004E+036
 1.00000000000000004E+036
 1.00000000000000004E+036
 1.00000000000000004E+036
 1.00000000000000004E+036
 1.00000000000000004E+036
 1.00000000000000004E+036
 1.00000000000000004E+036
 1.00000000000000004E+036
 1.00000000000000004E+036
 1.00000000000000004E+036
 1.00000000000000004E+036
 1.00000000000000004E+036
 1.00000000000000004E+036
 1.00000000000000004E+036
 1.00000000000000004E+036
 1.00000000000000004E+036
 1.00000000000000004E+036
 1.00000000000000004E+036
 1.00000000000000004E+036
 1.00000000000000004E+036
 1.00000000000000004E+036
 1.00000000000000004E+036
 1.00000000000000004E+036
 1.00000000000000004E+036
 1.00000000000000004E+036
 1.00000000000000004E+036
 1.00000000000000004E+036
 1.00000000000000004E+036
 1.00000000000000004E+036
 1.00000000000000004E+036
 1.00000000000000004E+036
 1.00000000000000004E+036
 1.00000000000000004E+036
 1.00000000000000004E+036
 1.00000000000000004E+036
 1.00000000000000004E+036
 1.00000000000000004E+036
 1.00000000000000004E+036
 1.00000000000000004E+036
 1.00000000000000004E+036
 1.00000000000000004E+036
 1.00000000000000004E+036
 1.00000000000000004E+036
 1.00000000000000004E+036
 1.00000000000000004E+036
 1.00000000000000004E+036
# INPUT: mlcanopy_inst__tg_soil(1)
 3.00879721124563730E+002
# INPUT: mlcanopy_inst__tleaf_leaf(1,100,2)
 3.00204658342258654E+002
 3.04821694263751510E+002
 3.03744930392785818E+002
 3.03043628459482420E+002
 3.02429195654628813E+002
 3.01837052624328237E+002
 3.01334582052221322E+002
 3.00882640360910614E+002
 3.00495483863551840E+002
 3.00095442762278822E+002
 2.99737618140663528E+002
 2.99511734151659482E+002
 2.99132351492482258E+002
 2.98795075634829630E+002
 2.98467445416095984E+002
 2.98172072578640496E+002
 2.97907530100404131E+002
 2.97673862556122458E+002
 2.97490830645407414E+002
 2.97532386382252071E+002
 2.99629702608504999E+002
 2.99738711847878790E+002
 2.99837803471906170E+002
 2.99930593678168634E+002
 3.00018994935908495E+002
 3.00104118474005531E+002
 3.00186663089801982E+002
 3.00267090461043722E+002
 3.00345731269052862E+002
 3.00422813509790899E+002
 3.00498508910360385E+002
 3.00572956236049265E+002
 3.00646260637940031E+002
 3.00718510124416468E+002
 3.00789778165028167E+002
 3.00860125677800056E+002
 3.00929608768684716E+002
 3.00998270178131406E+002
 3.01066157271777342E+002
 3.01133307300962031E+002
 3.01199756319977325E+002
 3.01265540354957750E+002
 3.01330690842844092E+002
 3.01395236849125183E+002
 3.01459208862924697E+002
 3.01522634145752306E+002
 1.00000000000000004E+036
 1.00000000000000004E+036
 1.00000000000000004E+036
 1.00000000000000004E+036
 1.00000000000000004E+036
 1.00000000000000004E+036
 1.00000000000000004E+036
 1.00000000000000004E+036
 1.00000000000000004E+036
 1.00000000000000004E+036
 1.00000000000000004E+036
 1.00000000000000004E+036
 1.00000000000000004E+036
 1.00000000000000004E+036
 1.00000000000000004E+036
 1.00000000000000004E+036
 1.00000000000000004E+036
 1.00000000000000004E+036
 1.00000000000000004E+036
 1.00000000000000004E+036
 1.00000000000000004E+036
 1.00000000000000004E+036
 1.00000000000000004E+036
 1.00000000000000004E+036
 1.00000000000000004E+036
 1.00000000000000004E+036
 1.00000000000000004E+036
 1.00000000000000004E+036
 1.00000000000000004E+036
 1.00000000000000004E+036
 1.00000000000000004E+036
 1.00000000000000004E+036
 1.00000000000000004E+036
 1.00000000000000004E+036
 1.00000000000000004E+036
 1.00000000000000004E+036
 1.00000000000000004E+036
 1.00000000000000004E+036
 1.00000000000000004E+036
 1.00000000000000004E+036
 1.00000000000000004E+036
 1.00000000000000004E+036
 1.00000000000000004E+036
 1.00000000000000004E+036
 1.00000000000000004E+036
 1.00000000000000004E+036
 1.00000000000000004E+036
 1.00000000000000004E+036
 1.00000000000000004E+036
 1.00000000000000004E+036
 1.00000000000000004E+036
 1.00000000000000004E+036
 1.00000000000000004E+036
 1.00000000000000004E+036
 3.00204658342258654E+002
 3.00513169544606626E+002
 3.00190850249160690E+002
 2.99968289305065696E+002
 2.99783124157758607E+002
 2.99619608075224448E+002
 2.99443511335151811E+002
 2.99266433424429806E+002
 2.99091174735287495E+002
 2.98902479699895082E+002
 2.98722597191525438E+002
 2.98523171503551225E+002
 2.98338088454320086E+002
 2.98136018531393063E+002
 2.97922657951169413E+002
 2.97708337817729330E+002
 2.97494564295815678E+002
 2.97286365000332069E+002
 2.97100005444248552E+002
 2.97016817674020160E+002
 2.99629702608504999E+002
 2.99738711847878790E+002
 2.99837803471906170E+002
 2.99930593678168634E+002
 3.00018994935908495E+002
 3.00104118474005531E+002
 3.00186663089801982E+002
 3.00267090461043722E+002
 3.00345731269052862E+002
 3.00422813509790899E+002
 3.00498508910360385E+002
 3.00572956236049265E+002
 3.00646260637940031E+002
 3.00718510124416468E+002
 3.00789778165028167E+002
 3.00860125677800056E+002
 3.00929608768684716E+002
 3.00998270178131406E+002
 3.01066157271777342E+002
 3.01133307300962031E+002
 3.01199756319977325E+002
 3.01265540354957750E+002
 3.01330690842844092E+002
 3.01395236849125183E+002
 3.01459208862924697E+002
 3.01522634145752306E+002
 1.00000000000000004E+036
 1.00000000000000004E+036
 1.00000000000000004E+036
 1.00000000000000004E+036
 1.00000000000000004E+036
 1.00000000000000004E+036
 1.00000000000000004E+036
 1.00000000000000004E+036
 1.00000000000000004E+036
 1.00000000000000004E+036
 1.00000000000000004E+036
 1.00000000000000004E+036
 1.00000000000000004E+036
 1.00000000000000004E+036
 1.00000000000000004E+036
 1.00000000000000004E+036
 1.00000000000000004E+036
 1.00000000000000004E+036
 1.00000000000000004E+036
 1.00000000000000004E+036
 1.00000000000000004E+036
 1.00000000000000004E+036
 1.00000000000000004E+036
 1.00000000000000004E+036
 1.00000000000000004E+036
 1.00000000000000004E+036
 1.00000000000000004E+036
 1.00000000000000004E+036
 1.00000000000000004E+036
 1.00000000000000004E+036
 1.00000000000000004E+036
 1.00000000000000004E+036
 1.00000000000000004E+036
 1.00000000000000004E+036
 1.00000000000000004E+036
 1.00000000000000004E+036
 1.00000000000000004E+036
 1.00000000000000004E+036
 1.00000000000000004E+036
 1.00000000000000004E+036
 1.00000000000000004E+036
 1.00000000000000004E+036
 1.00000000000000004E+036
 1.00000000000000004E+036
 1.00000000000000004E+036
 1.00000000000000004E+036
 1.00000000000000004E+036
 1.00000000000000004E+036
 1.00000000000000004E+036
 1.00000000000000004E+036
 1.00000000000000004E+036
 1.00000000000000004E+036
 1.00000000000000004E+036
 1.00000000000000004E+036
# INPUT: mlpftcon__emleaf(79)
-9.99000000000000000E+002
 9.79999999999999982E-001
 9.79999999999999982E-001
 9.79999999999999982E-001
 9.79999999999999982E-001
 9.79999999999999982E-001
 9.79999999999999982E-001
 9.79999999999999982E-001
 9.79999999999999982E-001
 9.79999999999999982E-001
 9.79999999999999982E-001
 9.79999999999999982E-001
 9.79999999999999982E-001
 9.79999999999999982E-001
 9.79999999999999982E-001
 9.79999999999999982E-001
 9.79999999999999982E-001
-9.99000000000000000E+002
-9.99000000000000000E+002
-9.99000000000000000E+002
-9.99000000000000000E+002
-9.99000000000000000E+002
-9.99000000000000000E+002
-9.99000000000000000E+002
-9.99000000000000000E+002
-9.99000000000000000E+002
-9.99000000000000000E+002
-9.99000000000000000E+002
-9.99000000000000000E+002
-9.99000000000000000E+002
-9.99000000000000000E+002
-9.99000000000000000E+002
-9.99000000000000000E+002
-9.99000000000000000E+002
-9.99000000000000000E+002
-9.99000000000000000E+002
-9.99000000000000000E+002
-9.99000000000000000E+002
-9.99000000000000000E+002
-9.99000000000000000E+002
-9.99000000000000000E+002
-9.99000000000000000E+002
-9.99000000000000000E+002
-9.99000000000000000E+002
-9.99000000000000000E+002
-9.99000000000000000E+002
-9.99000000000000000E+002
-9.99000000000000000E+002
-9.99000000000000000E+002
-9.99000000000000000E+002
-9.99000000000000000E+002
-9.99000000000000000E+002
-9.99000000000000000E+002
-9.99000000000000000E+002
-9.99000000000000000E+002
-9.99000000000000000E+002
-9.99000000000000000E+002
-9.99000000000000000E+002
-9.99000000000000000E+002
-9.99000000000000000E+002
-9.99000000000000000E+002
-9.99000000000000000E+002
-9.99000000000000000E+002
-9.99000000000000000E+002
-9.99000000000000000E+002
-9.99000000000000000E+002
-9.99000000000000000E+002
-9.99000000000000000E+002
-9.99000000000000000E+002
-9.99000000000000000E+002
-9.99000000000000000E+002
-9.99000000000000000E+002
-9.99000000000000000E+002
-9.99000000000000000E+002
-9.99000000000000000E+002
-9.99000000000000000E+002
-9.99000000000000000E+002
-9.99000000000000000E+002
-9.99000000000000000E+002
# INPUT: patch__itype(1)
7
# INPUT: clm_varcon__sb
 5.66999999999999982E-008
# INPUT: mlclm_varcon__emg
 9.59999999999999964E-001
# INPUT: mlclm_varctl__longwave_type
1
# OUTPUT: mlcanopy_inst__lwdwn_profile(1,101)
 4.41945201993805313E+002
 0.00000000000000000E+000
 4.41695399742608060E+002
 4.41217037244163294E+002
 4.40499713315741246E+002
 4.39526204814061202E+002
 4.38270509067629973E+002
 4.36702685182426649E+002
 4.34776676960751502E+002
 4.32424672735487547E+002
 4.29571963042944844E+002
 4.26097804071519931E+002
 4.21845069759699982E+002
 4.16643955073624966E+002
 4.10273186986371002E+002
 4.02476657316048659E+002
 3.92963765327636793E+002
 3.81484405337796488E+002
 3.67996379637377686E+002
 3.53119747393277066E+002
 3.40408582051597477E+002
 0.00000000000000000E+000
 0.00000000000000000E+000
 0.00000000000000000E+000
 0.00000000000000000E+000
 0.00000000000000000E+000
 0.00000000000000000E+000
 0.00000000000000000E+000
 0.00000000000000000E+000
 0.00000000000000000E+000
 0.00000000000000000E+000
 0.00000000000000000E+000
 0.00000000000000000E+000
 0.00000000000000000E+000
 0.00000000000000000E+000
 0.00000000000000000E+000
 0.00000000000000000E+000
 0.00000000000000000E+000
 0.00000000000000000E+000
 0.00000000000000000E+000
 0.00000000000000000E+000
 0.00000000000000000E+000
 0.00000000000000000E+000
 0.00000000000000000E+000
 0.00000000000000000E+000
 0.00000000000000000E+000
 0.00000000000000000E+000
 1.00000000000000004E+036
 1.00000000000000004E+036
 1.00000000000000004E+036
 1.00000000000000004E+036
 1.00000000000000004E+036
 1.00000000000000004E+036
 1.00000000000000004E+036
 1.00000000000000004E+036
 1.00000000000000004E+036
 1.00000000000000004E+036
 1.00000000000000004E+036
 1.00000000000000004E+036
 1.00000000000000004E+036
 1.00000000000000004E+036
 1.00000000000000004E+036
 1.00000000000000004E+036
 1.00000000000000004E+036
 1.00000000000000004E+036
 1.00000000000000004E+036
 1.00000000000000004E+036
 1.00000000000000004E+036
 1.00000000000000004E+036
 1.00000000000000004E+036
 1.00000000000000004E+036
 1.00000000000000004E+036
 1.00000000000000004E+036
 1.00000000000000004E+036
 1.00000000000000004E+036
 1.00000000000000004E+036
 1.00000000000000004E+036
 1.00000000000000004E+036
 1.00000000000000004E+036
 1.00000000000000004E+036
 1.00000000000000004E+036
 1.00000000000000004E+036
 1.00000000000000004E+036
 1.00000000000000004E+036
 1.00000000000000004E+036
 1.00000000000000004E+036
 1.00000000000000004E+036
 1.00000000000000004E+036
 1.00000000000000004E+036
 1.00000000000000004E+036
 1.00000000000000004E+036
 1.00000000000000004E+036
 1.00000000000000004E+036
 1.00000000000000004E+036
 1.00000000000000004E+036
 1.00000000000000004E+036
 1.00000000000000004E+036
 1.00000000000000004E+036
 1.00000000000000004E+036
 1.00000000000000004E+036
 1.00000000000000004E+036
# OUTPUT: mlcanopy_inst__lwleaf_leaf(1,100,2)
 0.00000000000000000E+000
-1.43347337738325109E+001
-1.40717499195830911E+001
-1.31617597968871589E+001
-1.23518052848805358E+001
-1.18337301236228338E+001
-1.15367352183230611E+001
-1.16254432830098580E+001
-1.22293259490966157E+001
-1.31880935989831656E+001
-1.48584011251479442E+001
-1.73167908252028830E+001
-2.03834781874318836E+001
-2.43516195621681888E+001
-2.93907453386017963E+001
-3.58787831651088354E+001
-4.40599813972503043E+001
-5.40882526658342044E+001
-6.58552542128852565E+001
-7.86475791151819124E+001
 0.00000000000000000E+000
 0.00000000000000000E+000
 0.00000000000000000E+000
 0.00000000000000000E+000
 0.00000000000000000E+000
 0.00000000000000000E+000
 0.00000000000000000E+000
 0.00000000000000000E+000
 0.00000000000000000E+000
 0.00000000000000000E+000
 0.00000000000000000E+000
 0.00000000000000000E+000
 0.00000000000000000E+000
 0.00000000000000000E+000
 0.00000000000000000E+000
 0.00000000000000000E+000
 0.00000000000000000E+000
 0.00000000000000000E+000
 0.00000000000000000E+000
 0.00000000000000000E+000
 0.00000000000000000E+000
 0.00000000000000000E+000
 0.00000000000000000E+000
 0.00000000000000000E+000
 0.00000000000000000E+000
 0.00000000000000000E+000
 1.00000000000000004E+036
 1.00000000000000004E+036
 1.00000000000000004E+036
 1.00000000000000004E+036
 1.00000000000000004E+036
 1.00000000000000004E+036
 1.00000000000000004E+036
 1.00000000000000004E+036
 1.00000000000000004E+036
 1.00000000000000004E+036
 1.00000000000000004E+036
 1.00000000000000004E+036
 1.00000000000000004E+036
 1.00000000000000004E+036
 1.00000000000000004E+036
 1.00000000000000004E+036
 1.00000000000000004E+036
 1.00000000000000004E+036
 1.00000000000000004E+036
 1.00000000000000004E+036
 1.00000000000000004E+036
 1.00000000000000004E+036
 1.00000000000000004E+036
 1.00000000000000004E+036
 1.00000000000000004E+036
 1.00000000000000004E+036
 1.00000000000000004E+036
 1.00000000000000004E+036
 1.00000000000000004E+036
 1.00000000000000004E+036
 1.00000000000000004E+036
 1.00000000000000004E+036
 1.00000000000000004E+036
 1.00000000000000004E+036
 1.00000000000000004E+036
 1.00000000000000004E+036
 1.00000000000000004E+036
 1.00000000000000004E+036
 1.00000000000000004E+036
 1.00000000000000004E+036
 1.00000000000000004E+036
 1.00000000000000004E+036
 1.00000000000000004E+036
 1.00000000000000004E+036
 1.00000000000000004E+036
 1.00000000000000004E+036
 1.00000000000000004E+036
 1.00000000000000004E+036
 1.00000000000000004E+036
 1.00000000000000004E+036
 1.00000000000000004E+036
 1.00000000000000004E+036
 1.00000000000000004E+036
 1.00000000000000004E+036
 0.00000000000000000E+000
-1.43347337738325109E+001
-1.40717499195830911E+001
-1.31617597968871589E+001
-1.23518052848805358E+001
-1.18337301236228338E+001
-1.15367352183230611E+001
-1.16254432830098580E+001
-1.22293259490966157E+001
-1.31880935989831656E+001
-1.48584011251479442E+001
-1.73167908252028830E+001
-2.03834781874318836E+001
-2.43516195621681888E+001
-2.93907453386017963E+001
-3.58787831651088354E+001
-4.40599813972503043E+001
-5.40882526658342044E+001
-6.58552542128852565E+001
-7.86475791151819124E+001
 0.00000000000000000E+000
 0.00000000000000000E+000
 0.00000000000000000E+000
 0.00000000000000000E+000
 0.00000000000000000E+000
 0.00000000000000000E+000
 0.00000000000000000E+000
 0.00000000000000000E+000
 0.00000000000000000E+000
 0.00000000000000000E+000
 0.00000000000000000E+000
 0.00000000000000000E+000
 0.00000000000000000E+000
 0.00000000000000000E+000
 0.00000000000000000E+000
 0.00000000000000000E+000
 0.00000000000000000E+000
 0.00000000000000000E+000
 0.00000000000000000E+000
 0.00000000000000000E+000
 0.00000000000000000E+000
 0.00000000000000000E+000
 0.00000000000000000E+000
 0.00000000000000000E+000
 0.00000000000000000E+000
 0.00000000000000000E+000
 1.00000000000000004E+036
 1.00000000000000004E+036
 1.00000000000000004E+036
 1.00000000000000004E+036
 1.00000000000000004E+036
 1.00000000000000004E+036
 1.00000000000000004E+036
 1.00000000000000004E+036
 1.00000000000000004E+036
 1.00000000000000004E+036
 1.00000000000000004E+036
 1.00000000000000004E+036
 1.00000000000000004E+036
 1.00000000000000004E+036
 1.00000000000000004E+036
 1.00000000000000004E+036
 1.00000000000000004E+036
 1.00000000000000004E+036
 1.00000000000000004E+036
 1.00000000000000004E+036
 1.00000000000000004E+036
 1.00000000000000004E+036
 1.00000000000000004E+036
 1.00000000000000004E+036
 1.00000000000000004E+036
 1.00000000000000004E+036
 1.00000000000000004E+036
 1.00000000000000004E+036
 1.00000000000000004E+036
 1.00000000000000004E+036
 1.00000000000000004E+036
 1.00000000000000004E+036
 1.00000000000000004E+036
 1.00000000000000004E+036
 1.00000000000000004E+036
 1.00000000000000004E+036
 1.00000000000000004E+036
 1.00000000000000004E+036
 1.00000000000000004E+036
 1.00000000000000004E+036
 1.00000000000000004E+036
 1.00000000000000004E+036
 1.00000000000000004E+036
 1.00000000000000004E+036
 1.00000000000000004E+036
 1.00000000000000004E+036
 1.00000000000000004E+036
 1.00000000000000004E+036
 1.00000000000000004E+036
 1.00000000000000004E+036
 1.00000000000000004E+036
 1.00000000000000004E+036
 1.00000000000000004E+036
 1.00000000000000004E+036
# OUTPUT: mlcanopy_inst__lwsoi_soil(1)
-2.18261761876324840E+001
# OUTPUT: mlcanopy_inst__lwup_canopy(1)
 4.47503765035103868E+002
# OUTPUT: mlcanopy_inst__lwupw_profile(1,101)
 4.63771378181437797E+002
 0.00000000000000000E+000
 4.63777524542080357E+002
 4.63737716067979932E+002
 4.63622080487197593E+002
 4.63405112203004762E+002
 4.63066902072883124E+002
 4.62587391617013282E+002
 4.61956862387654326E+002
 4.61177562319981689E+002
 4.60244860926019328E+002
 4.59179505030524240E+002
 4.58007044453765559E+002
 4.56729547486118747E+002
 4.55362534394908209E+002
 4.53920794313999409E+002
 4.52438101627255435E+002
 4.50955619566030293E+002
 4.49529515733546475E+002
 4.48262107452884095E+002
 4.47503765035103868E+002
 0.00000000000000000E+000
 0.00000000000000000E+000
 0.00000000000000000E+000
 0.00000000000000000E+000
 0.00000000000000000E+000
 0.00000000000000000E+000
 0.00000000000000000E+000
 0.00000000000000000E+000
 0.00000000000000000E+000
 0.00000000000000000E+000
 0.00000000000000000E+000
 0.00000000000000000E+000
 0.00000000000000000E+000
 0.00000000000000000E+000
 0.00000000000000000E+000
 0.00000000000000000E+000
 0.00000000000000000E+000
 0.00000000000000000E+000
 0.00000000000000000E+000
 0.00000000000000000E+000
 0.00000000000000000E+000
 0.00000000000000000E+000
 0.00000000000000000E+000
 0.00000000000000000E+000
 0.00000000000000000E+000
 0.00000000000000000E+000
 1.00000000000000004E+036
 1.00000000000000004E+036
 1.00000000000000004E+036
 1.00000000000000004E+036
 1.00000000000000004E+036
 1.00000000000000004E+036
 1.00000000000000004E+036
 1.00000000000000004E+036
 1.00000000000000004E+036
 1.00000000000000004E+036
 1.00000000000000004E+036
 1.00000000000000004E+036
 1.00000000000000004E+036
 1.00000000000000004E+036
 1.00000000000000004E+036
 1.00000000000000004E+036
 1.00000000000000004E+036
 1.00000000000000004E+036
 1.00000000000000004E+036
 1.00000000000000004E+036
 1.00000000000000004E+036
 1.00000000000000004E+036
 1.00000000000000004E+036
 1.00000000000000004E+036
 1.00000000000000004E+036
 1.00000000000000004E+036
 1.00000000000000004E+036
 1.00000000000000004E+036
 1.00000000000000004E+036
 1.00000000000000004E+036
 1.00000000000000004E+036
 1.00000000000000004E+036
 1.00000000000000004E+036
 1.00000000000000004E+036
 1.00000000000000004E+036
 1.00000000000000004E+036
 1.00000000000000004E+036
 1.00000000000000004E+036
 1.00000000000000004E+036
 1.00000000000000004E+036
 1.00000000000000004E+036
 1.00000000000000004E+036
 1.00000000000000004E+036
 1.00000000000000004E+036
 1.00000000000000004E+036
 1.00000000000000004E+036
 1.00000000000000004E+036
 1.00000000000000004E+036
 1.00000000000000004E+036
 1.00000000000000004E+036
 1.00000000000000004E+036
 1.00000000000000004E+036
 1.00000000000000004E+036
 1.00000000000000004E+036
# OUTPUT: mlcanopy_inst__lwveg_canopy(1)
-8.52690067958497337E+001
