# PROBE mlsoiltemperaturemod.soiltemperature_flat: call=912
# num_nolakec = 1
# np_ = 1
# INPUT: filter_nolakec(1)
1
# INPUT: bounds__begc
1
# INPUT: bounds__endc
1
# INPUT: col__dz(1,37)
 1.00000000000000004E+036
 1.00000000000000004E+036
 1.00000000000000004E+036
 1.00000000000000004E+036
 1.00000000000000004E+036
 1.00000000000000004E+036
 1.00000000000000004E+036
 1.00000000000000004E+036
 1.00000000000000004E+036
 1.00000000000000004E+036
 1.00000000000000004E+036
 1.00000000000000004E+036
 2.00000000000000004E-002
 4.00000000000000008E-002
 5.99999999999999978E-002
 8.00000000000000017E-002
 1.19999999999999996E-001
 1.60000000000000003E-001
 2.00000000000000011E-001
 2.39999999999999991E-001
 2.80000000000000027E-001
 3.20000000000000007E-001
 3.60000000000000042E-001
 4.00000000000000022E-001
 4.40000000000000002E-001
 5.40000000000000036E-001
 6.40000000000000013E-001
 7.39999999999999991E-001
 8.40000000000000080E-001
 9.39999999999999947E-001
 1.04000000000000004E+000
 1.14000000000000012E+000
 2.39000000000000012E+000
 4.67553390593273832E+000
 7.63519052838329060E+000
 1.11400000000000006E+001
 1.51154248593736860E+001
# INPUT: col__nbedrock(1)
12
# INPUT: col__snl(1)
0
# INPUT: col__z(1,37)
 1.00000000000000004E+036
 1.00000000000000004E+036
 1.00000000000000004E+036
 1.00000000000000004E+036
 1.00000000000000004E+036
 1.00000000000000004E+036
 1.00000000000000004E+036
 1.00000000000000004E+036
 1.00000000000000004E+036
 1.00000000000000004E+036
 1.00000000000000004E+036
 1.00000000000000004E+036
 1.00000000000000002E-002
 4.00000000000000008E-002
 8.99999999999999967E-002
 1.60000000000000003E-001
 2.60000000000000009E-001
 4.00000000000000022E-001
 5.79999999999999960E-001
 7.99999999999999933E-001
 1.06000000000000005E+000
 1.35999999999999988E+000
 1.70000000000000018E+000
 2.08000000000000007E+000
 2.50000000000000000E+000
 2.99000000000000021E+000
 3.58000000000000007E+000
 4.27000000000000046E+000
 5.06000000000000050E+000
 5.95000000000000018E+000
 6.93999999999999950E+000
 8.02999999999999936E+000
 9.79499999999999993E+000
 1.33277669529663694E+001
 1.94831291701243856E+001
 2.88707244343160312E+001
 4.19984368640028691E+001
# INPUT: col__zi(1,38)
 1.00000000000000004E+036
 1.00000000000000004E+036
 1.00000000000000004E+036
 1.00000000000000004E+036
 1.00000000000000004E+036
 1.00000000000000004E+036
 1.00000000000000004E+036
 1.00000000000000004E+036
 1.00000000000000004E+036
 1.00000000000000004E+036
 1.00000000000000004E+036
 1.00000000000000004E+036
 0.00000000000000000E+000
 2.00000000000000004E-002
 5.99999999999999978E-002
 1.19999999999999996E-001
 2.00000000000000011E-001
 3.20000000000000007E-001
 4.79999999999999982E-001
 6.79999999999999938E-001
 9.19999999999999929E-001
 1.19999999999999996E+000
 1.52000000000000002E+000
 1.88000000000000012E+000
 2.28000000000000025E+000
 2.72000000000000020E+000
 3.26000000000000023E+000
 3.90000000000000036E+000
 4.64000000000000057E+000
 5.48000000000000043E+000
 6.41999999999999993E+000
 7.45999999999999996E+000
 8.59999999999999964E+000
 1.09900000000000002E+001
 1.56655339059327385E+001
 2.33007244343160309E+001
 3.44407244343160315E+001
 4.95561492936897139E+001
# INPUT: mlcanopy_inst__gsoi_soil(1)
 2.18718872485279512E+001
# INPUT: soilstate_inst__csol_col(1,25)
 2.39408547008547047E+006
 2.39408547008547047E+006
 2.39408547008547047E+006
 2.39408547008547047E+006
 2.39408547008547047E+006
 2.39408547008547047E+006
 2.32788888888888899E+006
 2.32788888888888899E+006
 2.32788888888888899E+006
 2.32788888888888899E+006
 2.32788888888888899E+006
 2.32788888888888899E+006
 2.32788888888888899E+006
 2.32788888888888899E+006
 2.32788888888888899E+006
 2.32788888888888899E+006
 2.32788888888888899E+006
 2.32788888888888899E+006
 2.32788888888888899E+006
 2.32788888888888899E+006
 2.00000000000000000E+006
 2.00000000000000000E+006
 2.00000000000000000E+006
 2.00000000000000000E+006
 2.00000000000000000E+006
# INPUT: soilstate_inst__thk_col(1,37)
 1.00000000000000004E+036
 1.00000000000000004E+036
 1.00000000000000004E+036
 1.00000000000000004E+036
 1.00000000000000004E+036
 1.00000000000000004E+036
 1.00000000000000004E+036
 1.00000000000000004E+036
 1.00000000000000004E+036
 1.00000000000000004E+036
 1.00000000000000004E+036
 1.00000000000000004E+036
 4.83059003865421832E-001
 4.97893888857503186E-001
 5.09217790527411118E-001
 7.92094664685589200E-001
 8.05901145421886844E-001
 8.37401260515840629E-001
 1.49772230205586432E+000
 1.50063767139753690E+000
 1.51559863936219563E+000
 1.47784518536390808E+000
 1.48906968796913897E+000
 1.49978273169689880E+000
 3.00000000000000000E+000
 3.00000000000000000E+000
 3.00000000000000000E+000
 3.00000000000000000E+000
 3.00000000000000000E+000
 3.00000000000000000E+000
 3.00000000000000000E+000
 3.00000000000000000E+000
 3.00000000000000000E+000
 3.00000000000000000E+000
 3.00000000000000000E+000
 3.00000000000000000E+000
 3.00000000000000000E+000
# INPUT: soilstate_inst__tkdry_col(1,25)
 8.47605947777060331E-002
 8.52631423482249490E-002
 8.61080859697007372E-002
 8.73067290787974959E-002
 8.90516787788899339E-002
 9.15613189133329258E-002
 1.87739388617379904E-001
 1.87739388617379904E-001
 1.87739388617379904E-001
 1.87739388617379904E-001
 1.87739388617379904E-001
 1.87739388617379904E-001
 1.87739388617379904E-001
 1.87739388617379904E-001
 1.87739388617379904E-001
 1.87739388617379904E-001
 1.87739388617379904E-001
 1.87739388617379904E-001
 1.87739388617379904E-001
 1.87739388617379904E-001
 2.99930118798043521E+000
 2.99930118798043521E+000
 2.99930118798043521E+000
 2.99930118798043521E+000
 2.99930118798043521E+000
# INPUT: soilstate_inst__tkmg_col(1,25)
 1.41507243290422591E+000
 1.41831624717297422E+000
 1.42373913691614740E+000
 1.43136603385569838E+000
 1.44233252931060263E+000
 1.45782692133818426E+000
 2.12702479317208937E+000
 2.12702479317208937E+000
 2.12702479317208937E+000
 2.12702479317208937E+000
 2.12702479317208937E+000
 2.12702479317208937E+000
 2.12702479317208937E+000
 2.12702479317208937E+000
 2.12702479317208937E+000
 2.12702479317208937E+000
 2.12702479317208937E+000
 2.12702479317208937E+000
 2.12702479317208937E+000
 2.12702479317208937E+000
 3.00000000000000000E+000
 3.00000000000000000E+000
 3.00000000000000000E+000
 3.00000000000000000E+000
 3.00000000000000000E+000
# INPUT: soilstate_inst__watsat_col(1,25)
 6.50092307692307747E-001
 6.47784615384615403E-001
 6.43938461538461571E-001
 6.38553846153846250E-001
 6.30861538461538585E-001
 6.20092307692307720E-001
 4.76399999999999990E-001
 4.76399999999999990E-001
 4.76399999999999990E-001
 4.76399999999999990E-001
 4.76399999999999990E-001
 4.76399999999999990E-001
 4.76399999999999990E-001
 4.76399999999999990E-001
 4.76399999999999990E-001
 4.76399999999999990E-001
 4.76399999999999990E-001
 4.76399999999999990E-001
 4.76399999999999990E-001
 4.76399999999999990E-001
 4.76399999999999990E-001
 4.76399999999999990E-001
 4.76399999999999990E-001
 4.76399999999999990E-001
 4.76399999999999990E-001
# INPUT: temperature_inst__t_soisno_col(1,37)
 1.00000000000000004E+036
 1.00000000000000004E+036
 1.00000000000000004E+036
 1.00000000000000004E+036
 1.00000000000000004E+036
 1.00000000000000004E+036
 1.00000000000000004E+036
 1.00000000000000004E+036
 1.00000000000000004E+036
 1.00000000000000004E+036
 1.00000000000000004E+036
 1.00000000000000004E+036
 3.03490892643843495E+002
 3.00973030689623499E+002
 2.96673316354026895E+002
 2.93342626958189157E+002
 2.91924537821961167E+002
 2.91071207779856763E+002
 2.90227907500937249E+002
 2.89468353787727551E+002
 2.88644958718689281E+002
 2.87805721842551009E+002
 2.87008981820462452E+002
 2.86314641042374717E+002
 2.85890292695830453E+002
 2.85621967915292601E+002
 2.85377771663883436E+002
 2.85172472876076711E+002
 2.85008734321390477E+002
 2.84878649934635575E+002
 2.84766068515498205E+002
 2.84649191769332788E+002
 2.84434399303063117E+002
 2.83777301231705451E+002
 2.82275245487221127E+002
 2.80353202588572856E+002
 2.78690853903523362E+002
# INPUT: water_inst__h2osno_col(1)
 0.00000000000000000E+000
# INPUT: waterdiagnosticbulk_inst__bw_col(1,12)
 1.00000000000000004E+036
 1.00000000000000004E+036
 1.00000000000000004E+036
 1.00000000000000004E+036
 1.00000000000000004E+036
 1.00000000000000004E+036
 1.00000000000000004E+036
 1.00000000000000004E+036
 1.00000000000000004E+036
 1.00000000000000004E+036
 1.00000000000000004E+036
 1.00000000000000004E+036
# INPUT: waterdiagnosticbulk_inst__frac_sno_eff_col(1)
 0.00000000000000000E+000
# INPUT: waterstatebulk_inst__h2osfc_col(1)
 0.00000000000000000E+000
# INPUT: waterstatebulk_inst__h2osoi_ice_col(1,37)
 1.00000000000000004E+036
 1.00000000000000004E+036
 1.00000000000000004E+036
 1.00000000000000004E+036
 1.00000000000000004E+036
 1.00000000000000004E+036
 1.00000000000000004E+036
 1.00000000000000004E+036
 1.00000000000000004E+036
 1.00000000000000004E+036
 1.00000000000000004E+036
 1.00000000000000004E+036
 0.00000000000000000E+000
 0.00000000000000000E+000
 0.00000000000000000E+000
 0.00000000000000000E+000
 0.00000000000000000E+000
 0.00000000000000000E+000
 0.00000000000000000E+000
 0.00000000000000000E+000
 0.00000000000000000E+000
 0.00000000000000000E+000
 0.00000000000000000E+000
 0.00000000000000000E+000
 0.00000000000000000E+000
 0.00000000000000000E+000
 0.00000000000000000E+000
 0.00000000000000000E+000
 0.00000000000000000E+000
 0.00000000000000000E+000
 0.00000000000000000E+000
 0.00000000000000000E+000
 0.00000000000000000E+000
 0.00000000000000000E+000
 0.00000000000000000E+000
 0.00000000000000000E+000
 0.00000000000000000E+000
# INPUT: waterstatebulk_inst__h2osoi_liq_col(1,37)
 1.00000000000000004E+036
 1.00000000000000004E+036
 1.00000000000000004E+036
 1.00000000000000004E+036
 1.00000000000000004E+036
 1.00000000000000004E+036
 1.00000000000000004E+036
 1.00000000000000004E+036
 1.00000000000000004E+036
 1.00000000000000004E+036
 1.00000000000000004E+036
 1.00000000000000004E+036
 3.61377824249267654E+000
 7.44520058288574305E+000
 1.13342565834045423E+001
 3.02524089813232422E+001
 4.52954077720642090E+001
 6.19970512390136719E+001
 7.74427890777588033E+001
 9.33657073974609375E+001
 1.11564702987670898E+002
 1.20030975341796875E+002
 1.37481086254119901E+002
 1.55396866798400907E+002
 3.00000008428469300E-002
 3.00000003335299005E-002
 3.00000002607703209E-002
 3.00000001880107448E-002
 2.99999996786937152E-002
 2.99999994604149833E-002
 3.00000004062894732E-002
 2.99999994604149868E-002
 0.00000000000000000E+000
 0.00000000000000000E+000
 0.00000000000000000E+000
 0.00000000000000000E+000
 0.00000000000000000E+000
# INPUT: clm_time_manager__dtstep
1800
# INPUT: clm_varcon__cpice
 2.11726999999999998E+003
# INPUT: clm_varcon__cpliq
 4.18800000000000000E+003
# INPUT: clm_varcon__csol_bedrock
 2.00000000000000000E+006
# INPUT: clm_varcon__denh2o
 1.00000000000000000E+003
# INPUT: clm_varcon__denice
 9.17000000000000000E+002
# INPUT: clm_varcon__thk_bedrock
 3.00000000000000000E+000
# INPUT: clm_varcon__tkair
 2.29999999999999996E-002
# INPUT: clm_varcon__tkice
 2.29000000000000004E+000
# INPUT: clm_varcon__tkwat
 5.69999999999999951E-001
# INPUT: clm_varpar__nlevgrnd
25
# INPUT: clm_varpar__nlevsno
12
# OUTPUT: soilstate_inst__thk_col(1,37)
 1.00000000000000004E+036
 1.00000000000000004E+036
 1.00000000000000004E+036
 1.00000000000000004E+036
 1.00000000000000004E+036
 1.00000000000000004E+036
 1.00000000000000004E+036
 1.00000000000000004E+036
 1.00000000000000004E+036
 1.00000000000000004E+036
 1.00000000000000004E+036
 1.00000000000000004E+036
 4.83059003865421832E-001
 4.97893888857503186E-001
 5.09217790527411118E-001
 7.92094664685589200E-001
 8.05901145421886844E-001
 8.37401260515840629E-001
 1.49772230205586432E+000
 1.50063767139753690E+000
 1.51559863936219563E+000
 1.47784518536390808E+000
 1.48906968796913897E+000
 1.49978273169689880E+000
 3.00000000000000000E+000
 3.00000000000000000E+000
 3.00000000000000000E+000
 3.00000000000000000E+000
 3.00000000000000000E+000
 3.00000000000000000E+000
 3.00000000000000000E+000
 3.00000000000000000E+000
 3.00000000000000000E+000
 3.00000000000000000E+000
 3.00000000000000000E+000
 3.00000000000000000E+000
 3.00000000000000000E+000
# OUTPUT: temperature_inst__t_soisno_col(1,37)
 1.00000000000000004E+036
 1.00000000000000004E+036
 1.00000000000000004E+036
 1.00000000000000004E+036
 1.00000000000000004E+036
 1.00000000000000004E+036
 1.00000000000000004E+036
 1.00000000000000004E+036
 1.00000000000000004E+036
 1.00000000000000004E+036
 1.00000000000000004E+036
 1.00000000000000004E+036
 3.02834839304710954E+002
 3.00796009684441970E+002
 2.96844769826024390E+002
 2.93509335506609830E+002
 2.91967555686135995E+002
 2.91071535738922762E+002
 2.90227994453194071E+002
 2.89469390801154134E+002
 2.88646280649379207E+002
 2.87807143150837078E+002
 2.87010304133859506E+002
 2.86315712907475984E+002
 2.85891132113015374E+002
 2.85622636699409497E+002
 2.85378262829236519E+002
 2.85172802481218866E+002
 2.85008930888251768E+002
 2.84878743235483455E+002
 2.84766085448786384E+002
 2.84649157560066840E+002
 2.84434326693742662E+002
 2.83777267722993145E+002
 2.82275259375497683E+002
 2.80353221520956652E+002
 2.78690876522633232E+002
# OUTPUT: waterdiagnosticbulk_inst__bw_col(1,12)
 1.00000000000000004E+036
 1.00000000000000004E+036
 1.00000000000000004E+036
 1.00000000000000004E+036
 1.00000000000000004E+036
 1.00000000000000004E+036
 1.00000000000000004E+036
 1.00000000000000004E+036
 1.00000000000000004E+036
 1.00000000000000004E+036
 1.00000000000000004E+036
 1.00000000000000004E+036
