# PROBE mlplanthydraulicsmod.soilresistance_flat: call=36
# num_filter = 1
# np_ = 1
# INPUT: filter(1)
1
# INPUT: col__dz(1,37)
 1.00000000000000004E+036
 1.00000000000000004E+036
 1.00000000000000004E+036
 1.00000000000000004E+036
 1.00000000000000004E+036
 1.00000000000000004E+036
 1.00000000000000004E+036
 1.00000000000000004E+036
 1.00000000000000004E+036
 1.00000000000000004E+036
 1.00000000000000004E+036
 1.00000000000000004E+036
 2.00000000000000004E-002
 4.00000000000000008E-002
 5.99999999999999978E-002
 8.00000000000000017E-002
 1.19999999999999996E-001
 1.60000000000000003E-001
 2.00000000000000011E-001
 2.39999999999999991E-001
 2.80000000000000027E-001
 3.20000000000000007E-001
 3.60000000000000042E-001
 4.00000000000000022E-001
 4.40000000000000002E-001
 5.40000000000000036E-001
 6.40000000000000013E-001
 7.39999999999999991E-001
 8.40000000000000080E-001
 9.39999999999999947E-001
 1.04000000000000004E+000
 1.14000000000000012E+000
 2.39000000000000012E+000
 4.67553390593273832E+000
 7.63519052838329060E+000
 1.11400000000000006E+001
 1.51154248593736860E+001
# INPUT: col__nbedrock(1)
12
# INPUT: mlcanopy_inst__lai_canopy(1)
 2.00000000000000000E+000
# INPUT: mlcanopy_inst__psis_soil(1)
-2.48443607946440076E-001
# INPUT: mlcanopy_inst__root_biomass_canopy(1)
 5.00000000000000000E+002
# INPUT: mlcanopy_inst__rsoil_soil(1)
 5.96338574396550747E-002
# INPUT: mlcanopy_inst__soil_et_loss_soil(1,25)
 4.38424636908570642E-002
 7.41102638411959558E-002
 6.78708604254338321E-002
 1.96526399230739418E-001
 2.06004903635639836E-001
 1.68875250136189786E-001
 1.21411183088356051E-001
 6.86621685152757344E-002
 3.29918890285053334E-002
 1.34595580693705093E-002
 4.76949733905869012E-003
 1.47556299937797201E-003
 0.00000000000000000E+000
 0.00000000000000000E+000
 0.00000000000000000E+000
 0.00000000000000000E+000
 0.00000000000000000E+000
 0.00000000000000000E+000
 0.00000000000000000E+000
 0.00000000000000000E+000
 0.00000000000000000E+000
 0.00000000000000000E+000
 0.00000000000000000E+000
 0.00000000000000000E+000
 0.00000000000000000E+000
# INPUT: mlpftcon__root_density_spa(79)
-9.99000000000000000E+002
 3.10000000000000000E+005
 3.10000000000000000E+005
 3.10000000000000000E+005
 3.10000000000000000E+005
 3.10000000000000000E+005
 3.10000000000000000E+005
 3.10000000000000000E+005
 3.10000000000000000E+005
 3.10000000000000000E+005
 3.10000000000000000E+005
 3.10000000000000000E+005
 3.10000000000000000E+005
 3.10000000000000000E+005
 3.10000000000000000E+005
 3.10000000000000000E+005
 3.10000000000000000E+005
-9.99000000000000000E+002
-9.99000000000000000E+002
-9.99000000000000000E+002
-9.99000000000000000E+002
-9.99000000000000000E+002
-9.99000000000000000E+002
-9.99000000000000000E+002
-9.99000000000000000E+002
-9.99000000000000000E+002
-9.99000000000000000E+002
-9.99000000000000000E+002
-9.99000000000000000E+002
-9.99000000000000000E+002
-9.99000000000000000E+002
-9.99000000000000000E+002
-9.99000000000000000E+002
-9.99000000000000000E+002
-9.99000000000000000E+002
-9.99000000000000000E+002
-9.99000000000000000E+002
-9.99000000000000000E+002
-9.99000000000000000E+002
-9.99000000000000000E+002
-9.99000000000000000E+002
-9.99000000000000000E+002
-9.99000000000000000E+002
-9.99000000000000000E+002
-9.99000000000000000E+002
-9.99000000000000000E+002
-9.99000000000000000E+002
-9.99000000000000000E+002
-9.99000000000000000E+002
-9.99000000000000000E+002
-9.99000000000000000E+002
-9.99000000000000000E+002
-9.99000000000000000E+002
-9.99000000000000000E+002
-9.99000000000000000E+002
-9.99000000000000000E+002
-9.99000000000000000E+002
-9.99000000000000000E+002
-9.99000000000000000E+002
-9.99000000000000000E+002
-9.99000000000000000E+002
-9.99000000000000000E+002
-9.99000000000000000E+002
-9.99000000000000000E+002
-9.99000000000000000E+002
-9.99000000000000000E+002
-9.99000000000000000E+002
-9.99000000000000000E+002
-9.99000000000000000E+002
-9.99000000000000000E+002
-9.99000000000000000E+002
-9.99000000000000000E+002
-9.99000000000000000E+002
-9.99000000000000000E+002
-9.99000000000000000E+002
-9.99000000000000000E+002
-9.99000000000000000E+002
-9.99000000000000000E+002
-9.99000000000000000E+002
# INPUT: mlpftcon__root_radius_spa(79)
-9.99000000000000000E+002
 2.90000000000000002E-004
 2.90000000000000002E-004
 2.90000000000000002E-004
 2.90000000000000002E-004
 2.90000000000000002E-004
 2.90000000000000002E-004
 2.90000000000000002E-004
 2.90000000000000002E-004
 2.90000000000000002E-004
 2.90000000000000002E-004
 2.90000000000000002E-004
 2.90000000000000002E-004
 2.90000000000000002E-004
 2.90000000000000002E-004
 2.90000000000000002E-004
 2.90000000000000002E-004
-9.99000000000000000E+002
-9.99000000000000000E+002
-9.99000000000000000E+002
-9.99000000000000000E+002
-9.99000000000000000E+002
-9.99000000000000000E+002
-9.99000000000000000E+002
-9.99000000000000000E+002
-9.99000000000000000E+002
-9.99000000000000000E+002
-9.99000000000000000E+002
-9.99000000000000000E+002
-9.99000000000000000E+002
-9.99000000000000000E+002
-9.99000000000000000E+002
-9.99000000000000000E+002
-9.99000000000000000E+002
-9.99000000000000000E+002
-9.99000000000000000E+002
-9.99000000000000000E+002
-9.99000000000000000E+002
-9.99000000000000000E+002
-9.99000000000000000E+002
-9.99000000000000000E+002
-9.99000000000000000E+002
-9.99000000000000000E+002
-9.99000000000000000E+002
-9.99000000000000000E+002
-9.99000000000000000E+002
-9.99000000000000000E+002
-9.99000000000000000E+002
-9.99000000000000000E+002
-9.99000000000000000E+002
-9.99000000000000000E+002
-9.99000000000000000E+002
-9.99000000000000000E+002
-9.99000000000000000E+002
-9.99000000000000000E+002
-9.99000000000000000E+002
-9.99000000000000000E+002
-9.99000000000000000E+002
-9.99000000000000000E+002
-9.99000000000000000E+002
-9.99000000000000000E+002
-9.99000000000000000E+002
-9.99000000000000000E+002
-9.99000000000000000E+002
-9.99000000000000000E+002
-9.99000000000000000E+002
-9.99000000000000000E+002
-9.99000000000000000E+002
-9.99000000000000000E+002
-9.99000000000000000E+002
-9.99000000000000000E+002
-9.99000000000000000E+002
-9.99000000000000000E+002
-9.99000000000000000E+002
-9.99000000000000000E+002
-9.99000000000000000E+002
-9.99000000000000000E+002
-9.99000000000000000E+002
-9.99000000000000000E+002
# INPUT: mlpftcon__root_resist_spa(79)
-9.99000000000000000E+002
 2.50000000000000000E+001
 2.50000000000000000E+001
 2.50000000000000000E+001
 2.50000000000000000E+001
 2.50000000000000000E+001
 2.50000000000000000E+001
 1.40000000000000000E+001
 2.50000000000000000E+001
 2.50000000000000000E+001
 2.50000000000000000E+001
 2.50000000000000000E+001
 2.50000000000000000E+001
 2.50000000000000000E+001
 2.50000000000000000E+001
 2.50000000000000000E+001
 2.50000000000000000E+001
-9.99000000000000000E+002
-9.99000000000000000E+002
-9.99000000000000000E+002
-9.99000000000000000E+002
-9.99000000000000000E+002
-9.99000000000000000E+002
-9.99000000000000000E+002
-9.99000000000000000E+002
-9.99000000000000000E+002
-9.99000000000000000E+002
-9.99000000000000000E+002
-9.99000000000000000E+002
-9.99000000000000000E+002
-9.99000000000000000E+002
-9.99000000000000000E+002
-9.99000000000000000E+002
-9.99000000000000000E+002
-9.99000000000000000E+002
-9.99000000000000000E+002
-9.99000000000000000E+002
-9.99000000000000000E+002
-9.99000000000000000E+002
-9.99000000000000000E+002
-9.99000000000000000E+002
-9.99000000000000000E+002
-9.99000000000000000E+002
-9.99000000000000000E+002
-9.99000000000000000E+002
-9.99000000000000000E+002
-9.99000000000000000E+002
-9.99000000000000000E+002
-9.99000000000000000E+002
-9.99000000000000000E+002
-9.99000000000000000E+002
-9.99000000000000000E+002
-9.99000000000000000E+002
-9.99000000000000000E+002
-9.99000000000000000E+002
-9.99000000000000000E+002
-9.99000000000000000E+002
-9.99000000000000000E+002
-9.99000000000000000E+002
-9.99000000000000000E+002
-9.99000000000000000E+002
-9.99000000000000000E+002
-9.99000000000000000E+002
-9.99000000000000000E+002
-9.99000000000000000E+002
-9.99000000000000000E+002
-9.99000000000000000E+002
-9.99000000000000000E+002
-9.99000000000000000E+002
-9.99000000000000000E+002
-9.99000000000000000E+002
-9.99000000000000000E+002
-9.99000000000000000E+002
-9.99000000000000000E+002
-9.99000000000000000E+002
-9.99000000000000000E+002
-9.99000000000000000E+002
-9.99000000000000000E+002
-9.99000000000000000E+002
# INPUT: patch__column(1)
1
# INPUT: patch__itype(1)
7
# INPUT: soilstate_inst__hk_l_col(1,25)
 2.78930875376685826E-009
 2.59144021436474113E-009
 1.67726031509879898E-009
 7.61157278434966818E-007
 4.39128087333481409E-007
 3.91847176071766962E-007
 6.78374267888741606E-005
 6.41619581601367609E-005
 9.21405926615643243E-005
 2.71700566056503961E-005
 3.98387717659179309E-005
 6.17522997302519174E-005
 1.00000000000000004E+036
 1.00000000000000004E+036
 1.00000000000000004E+036
 1.00000000000000004E+036
 1.00000000000000004E+036
 1.00000000000000004E+036
 1.00000000000000004E+036
 1.00000000000000004E+036
 1.00000000000000004E+036
 1.00000000000000004E+036
 1.00000000000000004E+036
 1.00000000000000004E+036
 1.00000000000000004E+036
# INPUT: soilstate_inst__rootfr_patch(1,25)
 6.68753042696999950E-002
 1.20613610297439652E-001
 1.52328990106235795E-001
 1.59647735161716042E-001
 1.70117374416013212E-001
 1.40539847266295426E-001
 9.49384237949527365E-002
 5.37037155711166878E-002
 2.57676582405585095E-002
 1.05741551941342399E-002
 3.73888420798884624E-003
 1.15430147372858126E-003
 0.00000000000000000E+000
 0.00000000000000000E+000
 0.00000000000000000E+000
 0.00000000000000000E+000
 0.00000000000000000E+000
 0.00000000000000000E+000
 0.00000000000000000E+000
 0.00000000000000000E+000
 0.00000000000000000E+000
 0.00000000000000000E+000
 0.00000000000000000E+000
 0.00000000000000000E+000
 0.00000000000000000E+000
# INPUT: soilstate_inst__smp_l_col(1,25)
-8.31955681562508835E+004
-8.87380534877152677E+004
-1.11978120505621904E+005
-9.44423366050128425E+003
-1.25098575645124729E+004
-1.39325873727660819E+004
-1.97394799837869687E+003
-2.02121566969453852E+003
-1.73317936169759537E+003
-2.91170258357295597E+003
-2.47478064858392281E+003
-2.05435234896083330E+003
 1.00000000000000004E+036
 1.00000000000000004E+036
 1.00000000000000004E+036
 1.00000000000000004E+036
 1.00000000000000004E+036
 1.00000000000000004E+036
 1.00000000000000004E+036
 1.00000000000000004E+036
 1.00000000000000004E+036
 1.00000000000000004E+036
 1.00000000000000004E+036
 1.00000000000000004E+036
 1.00000000000000004E+036
# INPUT: waterstatebulk_inst__h2osoi_ice_col(1,37)
 1.00000000000000004E+036
 1.00000000000000004E+036
 1.00000000000000004E+036
 1.00000000000000004E+036
 1.00000000000000004E+036
 1.00000000000000004E+036
 1.00000000000000004E+036
 1.00000000000000004E+036
 1.00000000000000004E+036
 1.00000000000000004E+036
 1.00000000000000004E+036
 1.00000000000000004E+036
 0.00000000000000000E+000
 0.00000000000000000E+000
 0.00000000000000000E+000
 0.00000000000000000E+000
 0.00000000000000000E+000
 0.00000000000000000E+000
 0.00000000000000000E+000
 0.00000000000000000E+000
 0.00000000000000000E+000
 0.00000000000000000E+000
 0.00000000000000000E+000
 0.00000000000000000E+000
 0.00000000000000000E+000
 0.00000000000000000E+000
 0.00000000000000000E+000
 0.00000000000000000E+000
 0.00000000000000000E+000
 0.00000000000000000E+000
 0.00000000000000000E+000
 0.00000000000000000E+000
 0.00000000000000000E+000
 0.00000000000000000E+000
 0.00000000000000000E+000
 0.00000000000000000E+000
 0.00000000000000000E+000
# INPUT: clm_varcon__denh2o
 1.00000000000000000E+003
# INPUT: clm_varcon__grav
 9.80664999999999942E+000
# INPUT: clm_varpar__nlevgrnd
25
# INPUT: clm_varpar__nlevsno
12
# INPUT: clm_varpar__nlevsoi
20
# INPUT: mlclm_varcon__mmh2o
 1.80200000000000013E-002
# OUTPUT: mlcanopy_inst__psis_soil(1)
-2.48822719816851001E-001
# OUTPUT: mlcanopy_inst__rsoil_soil(1)
 5.95246657073552482E-002
# OUTPUT: mlcanopy_inst__soil_et_loss_soil(1,25)
 4.41503028065542702E-002
 7.49950629253434281E-002
 6.96179809336160277E-002
 1.95803900107178575E-001
 2.05249618486077451E-001
 1.68263618987749886E-001
 1.20985708581398968E-001
 6.84217381360465865E-002
 3.28764399810701977E-002
 1.34124286903592928E-002
 4.75280185892162834E-003
 1.47039850568368106E-003
 0.00000000000000000E+000
 0.00000000000000000E+000
 0.00000000000000000E+000
 0.00000000000000000E+000
 0.00000000000000000E+000
 0.00000000000000000E+000
 0.00000000000000000E+000
 0.00000000000000000E+000
 0.00000000000000000E+000
 0.00000000000000000E+000
 0.00000000000000000E+000
 0.00000000000000000E+000
 0.00000000000000000E+000
