# PROBE mlsoilfluxesmod.soilfluxes_flat: call=12
# p = 1
# np_ = 1
# INPUT: mlcanopy_inst__cpair_forcing(1)
 2.91492381287447984E+001
# INPUT: mlcanopy_inst__eair_profile(1,100)
 1.34917546211247031E+003
 1.32310090831972525E+003
 1.30483299342323721E+003
 1.29201995804833655E+003
 1.28282928408853672E+003
 1.27587567790273715E+003
 1.27011869369198348E+003
 1.26480204243610933E+003
 1.25934627033296965E+003
 1.25331177320721304E+003
 1.24639816498626988E+003
 1.23838331101038466E+003
 1.22914069449119302E+003
 1.21854941730128553E+003
 1.20649919679617756E+003
 1.19293400279159596E+003
 1.17785909783083548E+003
 1.16137411622377135E+003
 1.14371378783258046E+003
 1.12535236217725355E+003
 1.10729946569216577E+003
 1.09158295155249675E+003
 1.07716092260112487E+003
 1.06365836702869524E+003
 1.05080213128270316E+003
 1.03847627289428510E+003
 1.02655552652855908E+003
 1.01499907464718251E+003
 1.00373397336700282E+003
 9.92744346438967909E+002
 9.81982156849447733E+002
 9.71443149451962086E+002
 9.61090001265405704E+002
 9.50923706117523807E+002
 9.40918161132210344E+002
 9.31072104716051172E+002
 9.21366836975025080E+002
 9.11800586337797426E+002
 9.02359608183223031E+002
 8.93040935113346450E+002
 8.83835584441472179E+002
 8.74738017159532205E+002
 8.65742805042204850E+002
 8.56844424420583437E+002
 8.48038005684547102E+002
 8.39318548414604606E+002
 1.00000000000000004E+036
 1.00000000000000004E+036
 1.00000000000000004E+036
 1.00000000000000004E+036
 1.00000000000000004E+036
 1.00000000000000004E+036
 1.00000000000000004E+036
 1.00000000000000004E+036
 1.00000000000000004E+036
 1.00000000000000004E+036
 1.00000000000000004E+036
 1.00000000000000004E+036
 1.00000000000000004E+036
 1.00000000000000004E+036
 1.00000000000000004E+036
 1.00000000000000004E+036
 1.00000000000000004E+036
 1.00000000000000004E+036
 1.00000000000000004E+036
 1.00000000000000004E+036
 1.00000000000000004E+036
 1.00000000000000004E+036
 1.00000000000000004E+036
 1.00000000000000004E+036
 1.00000000000000004E+036
 1.00000000000000004E+036
 1.00000000000000004E+036
 1.00000000000000004E+036
 1.00000000000000004E+036
 1.00000000000000004E+036
 1.00000000000000004E+036
 1.00000000000000004E+036
 1.00000000000000004E+036
 1.00000000000000004E+036
 1.00000000000000004E+036
 1.00000000000000004E+036
 1.00000000000000004E+036
 1.00000000000000004E+036
 1.00000000000000004E+036
 1.00000000000000004E+036
 1.00000000000000004E+036
 1.00000000000000004E+036
 1.00000000000000004E+036
 1.00000000000000004E+036
 1.00000000000000004E+036
 1.00000000000000004E+036
 1.00000000000000004E+036
 1.00000000000000004E+036
 1.00000000000000004E+036
 1.00000000000000004E+036
 1.00000000000000004E+036
 1.00000000000000004E+036
 1.00000000000000004E+036
 1.00000000000000004E+036
# INPUT: mlcanopy_inst__eg_soil(1)
 3.77045550660365689E+003
# INPUT: mlcanopy_inst__etsoi_soil(1)
 4.88058968883605326E-004
# INPUT: mlcanopy_inst__gac0_soil(1)
 8.03763281459432266E-002
# INPUT: mlcanopy_inst__gsoi_soil(1)
 3.63963817120630040E+001
# INPUT: mlcanopy_inst__lhsoi_soil(1)
 2.19958513708257044E+001
# INPUT: mlcanopy_inst__pref_forcing(1)
 1.00769296875000000E+005
# INPUT: mlcanopy_inst__rhg_soil(1)
 9.95462413944631197E-001
# INPUT: mlcanopy_inst__rhomol_forcing(1)
 4.01881640729716167E+001
# INPUT: mlcanopy_inst__rnsoi_soil(1)
 5.96540551005229531E+001
# INPUT: mlcanopy_inst__shsoi_soil(1)
 1.62585675981509636E+000
# INPUT: mlcanopy_inst__soil_dz_soil(1)
 1.00000000000000002E-002
# INPUT: mlcanopy_inst__soil_t_soil(1)
 3.00623687744140625E+002
# INPUT: mlcanopy_inst__soil_tk_soil(1)
 6.60607311783409590E-001
# INPUT: mlcanopy_inst__soilres_soil(1)
 1.48388869602942032E+003
# INPUT: mlcanopy_inst__tair_profile(1,100)
 3.00483596206498476E+002
 3.00439427299416820E+002
 3.00387947319274815E+002
 3.00331707739448120E+002
 3.00273466197555081E+002
 3.00215517247442676E+002
 3.00159795408408172E+002
 3.00107955401082961E+002
 3.00061789950749130E+002
 3.00023205410980268E+002
 2.99993594727996310E+002
 2.99974319821686549E+002
 2.99966230674058806E+002
 2.99970501688568959E+002
 2.99988634786554087E+002
 3.00021718219707964E+002
 3.00070381083411974E+002
 3.00134434332280080E+002
 3.00212570374423535E+002
 3.00301560901580274E+002
 3.00393891198354254E+002
 3.00474374868817847E+002
 3.00548318814145034E+002
 3.00617627822484167E+002
 3.00683690992483434E+002
 3.00747094024141859E+002
 3.00808473026948604E+002
 3.00868031188688803E+002
 3.00926138343106686E+002
 3.00982870977987773E+002
 3.01038472183952990E+002
 3.01092959475892201E+002
 3.01146521685815685E+002
 3.01199149840584425E+002
 3.01250975468496620E+002
 3.01302001729126744E+002
 3.01352322342026469E+002
 3.01401943474099880E+002
 3.01450933550432410E+002
 3.01499305239914577E+002
 3.01547102563515750E+002
 3.01594351793695864E+002
 3.01641078740265812E+002
 3.01687309814118066E+002
 3.01733068124589522E+002
 3.01778377550328457E+002
 1.00000000000000004E+036
 1.00000000000000004E+036
 1.00000000000000004E+036
 1.00000000000000004E+036
 1.00000000000000004E+036
 1.00000000000000004E+036
 1.00000000000000004E+036
 1.00000000000000004E+036
 1.00000000000000004E+036
 1.00000000000000004E+036
 1.00000000000000004E+036
 1.00000000000000004E+036
 1.00000000000000004E+036
 1.00000000000000004E+036
 1.00000000000000004E+036
 1.00000000000000004E+036
 1.00000000000000004E+036
 1.00000000000000004E+036
 1.00000000000000004E+036
 1.00000000000000004E+036
 1.00000000000000004E+036
 1.00000000000000004E+036
 1.00000000000000004E+036
 1.00000000000000004E+036
 1.00000000000000004E+036
 1.00000000000000004E+036
 1.00000000000000004E+036
 1.00000000000000004E+036
 1.00000000000000004E+036
 1.00000000000000004E+036
 1.00000000000000004E+036
 1.00000000000000004E+036
 1.00000000000000004E+036
 1.00000000000000004E+036
 1.00000000000000004E+036
 1.00000000000000004E+036
 1.00000000000000004E+036
 1.00000000000000004E+036
 1.00000000000000004E+036
 1.00000000000000004E+036
 1.00000000000000004E+036
 1.00000000000000004E+036
 1.00000000000000004E+036
 1.00000000000000004E+036
 1.00000000000000004E+036
 1.00000000000000004E+036
 1.00000000000000004E+036
 1.00000000000000004E+036
 1.00000000000000004E+036
 1.00000000000000004E+036
 1.00000000000000004E+036
 1.00000000000000004E+036
 1.00000000000000004E+036
 1.00000000000000004E+036
# INPUT: mlcanopy_inst__tg_bef_soil(1)
 3.01170216529750519E+002
# INPUT: mlcanopy_inst__tg_soil(1)
 3.01172428816228830E+002
# INPUT: mlcanopy_inst__tref_forcing(1)
 3.01575469970703125E+002
# INPUT: clm_varcon__hsub
 2.83470000000000000E+006
# INPUT: clm_varcon__hvap
 2.50100000000000000E+006
# INPUT: mlclm_varcon__mmh2o
 1.80200000000000013E-002
# OUTPUT: mlcanopy_inst__eg_soil(1)
 3.76952628416567359E+003
# OUTPUT: mlcanopy_inst__etsoi_soil(1)
 4.86553897355010748E-004
# OUTPUT: mlcanopy_inst__gsoi_soil(1)
 3.61168915955126693E+001
# OUTPUT: mlcanopy_inst__lhsoi_soil(1)
 2.19280207770735736E+001
# OUTPUT: mlcanopy_inst__shsoi_soil(1)
 1.60914272793241198E+000
# OUTPUT: mlcanopy_inst__tg_soil(1)
 3.01170410297029264E+002
