# PROBE mlsoiltemperaturemod.soiltemperature_flat: call=746
# num_nolakec = 1
# np_ = 1
# INPUT: filter_nolakec(1)
1
# INPUT: bounds__begc
1
# INPUT: bounds__endc
1
# INPUT: col__dz(1,37)
 1.00000000000000004E+036
 1.00000000000000004E+036
 1.00000000000000004E+036
 1.00000000000000004E+036
 1.00000000000000004E+036
 1.00000000000000004E+036
 1.00000000000000004E+036
 1.00000000000000004E+036
 1.00000000000000004E+036
 1.00000000000000004E+036
 1.00000000000000004E+036
 1.00000000000000004E+036
 2.00000000000000004E-002
 4.00000000000000008E-002
 5.99999999999999978E-002
 8.00000000000000017E-002
 1.19999999999999996E-001
 1.60000000000000003E-001
 2.00000000000000011E-001
 2.39999999999999991E-001
 2.80000000000000027E-001
 3.20000000000000007E-001
 3.60000000000000042E-001
 4.00000000000000022E-001
 4.40000000000000002E-001
 5.40000000000000036E-001
 6.40000000000000013E-001
 7.39999999999999991E-001
 8.40000000000000080E-001
 9.39999999999999947E-001
 1.04000000000000004E+000
 1.14000000000000012E+000
 2.39000000000000012E+000
 4.67553390593273832E+000
 7.63519052838329060E+000
 1.11400000000000006E+001
 1.51154248593736860E+001
# INPUT: col__nbedrock(1)
12
# INPUT: col__snl(1)
0
# INPUT: col__z(1,37)
 1.00000000000000004E+036
 1.00000000000000004E+036
 1.00000000000000004E+036
 1.00000000000000004E+036
 1.00000000000000004E+036
 1.00000000000000004E+036
 1.00000000000000004E+036
 1.00000000000000004E+036
 1.00000000000000004E+036
 1.00000000000000004E+036
 1.00000000000000004E+036
 1.00000000000000004E+036
 1.00000000000000002E-002
 4.00000000000000008E-002
 8.99999999999999967E-002
 1.60000000000000003E-001
 2.60000000000000009E-001
 4.00000000000000022E-001
 5.79999999999999960E-001
 7.99999999999999933E-001
 1.06000000000000005E+000
 1.35999999999999988E+000
 1.70000000000000018E+000
 2.08000000000000007E+000
 2.50000000000000000E+000
 2.99000000000000021E+000
 3.58000000000000007E+000
 4.27000000000000046E+000
 5.06000000000000050E+000
 5.95000000000000018E+000
 6.93999999999999950E+000
 8.02999999999999936E+000
 9.79499999999999993E+000
 1.33277669529663694E+001
 1.94831291701243856E+001
 2.88707244343160312E+001
 4.19984368640028691E+001
# INPUT: col__zi(1,38)
 1.00000000000000004E+036
 1.00000000000000004E+036
 1.00000000000000004E+036
 1.00000000000000004E+036
 1.00000000000000004E+036
 1.00000000000000004E+036
 1.00000000000000004E+036
 1.00000000000000004E+036
 1.00000000000000004E+036
 1.00000000000000004E+036
 1.00000000000000004E+036
 1.00000000000000004E+036
 0.00000000000000000E+000
 2.00000000000000004E-002
 5.99999999999999978E-002
 1.19999999999999996E-001
 2.00000000000000011E-001
 3.20000000000000007E-001
 4.79999999999999982E-001
 6.79999999999999938E-001
 9.19999999999999929E-001
 1.19999999999999996E+000
 1.52000000000000002E+000
 1.88000000000000012E+000
 2.28000000000000025E+000
 2.72000000000000020E+000
 3.26000000000000023E+000
 3.90000000000000036E+000
 4.64000000000000057E+000
 5.48000000000000043E+000
 6.41999999999999993E+000
 7.45999999999999996E+000
 8.59999999999999964E+000
 1.09900000000000002E+001
 1.56655339059327385E+001
 2.33007244343160309E+001
 3.44407244343160315E+001
 4.95561492936897139E+001
# INPUT: mlcanopy_inst__gsoi_soil(1)
-3.69439567057320986E+001
# INPUT: soilstate_inst__csol_col(1,25)
 2.39408547008547047E+006
 2.39408547008547047E+006
 2.39408547008547047E+006
 2.39408547008547047E+006
 2.39408547008547047E+006
 2.39408547008547047E+006
 2.32788888888888899E+006
 2.32788888888888899E+006
 2.32788888888888899E+006
 2.32788888888888899E+006
 2.32788888888888899E+006
 2.32788888888888899E+006
 2.32788888888888899E+006
 2.32788888888888899E+006
 2.32788888888888899E+006
 2.32788888888888899E+006
 2.32788888888888899E+006
 2.32788888888888899E+006
 2.32788888888888899E+006
 2.32788888888888899E+006
 2.00000000000000000E+006
 2.00000000000000000E+006
 2.00000000000000000E+006
 2.00000000000000000E+006
 2.00000000000000000E+006
# INPUT: soilstate_inst__thk_col(1,37)
 1.00000000000000004E+036
 1.00000000000000004E+036
 1.00000000000000004E+036
 1.00000000000000004E+036
 1.00000000000000004E+036
 1.00000000000000004E+036
 1.00000000000000004E+036
 1.00000000000000004E+036
 1.00000000000000004E+036
 1.00000000000000004E+036
 1.00000000000000004E+036
 1.00000000000000004E+036
 5.04287250457399638E-001
 5.15547346269920381E-001
 5.24603127969385352E-001
 8.00762070723354702E-001
 8.13452480454295745E-001
 8.44079690568817487E-001
 1.50679185183309405E+000
 1.50844412611366385E+000
 1.52233070037609641E+000
 1.48422321130027957E+000
 1.49542390771917688E+000
 1.50659405370783905E+000
 3.00000000000000000E+000
 3.00000000000000000E+000
 3.00000000000000000E+000
 3.00000000000000000E+000
 3.00000000000000000E+000
 3.00000000000000000E+000
 3.00000000000000000E+000
 3.00000000000000000E+000
 3.00000000000000000E+000
 3.00000000000000000E+000
 3.00000000000000000E+000
 3.00000000000000000E+000
 3.00000000000000000E+000
# INPUT: soilstate_inst__tkdry_col(1,25)
 8.47605947777060331E-002
 8.52631423482249490E-002
 8.61080859697007372E-002
 8.73067290787974959E-002
 8.90516787788899339E-002
 9.15613189133329258E-002
 1.87739388617379904E-001
 1.87739388617379904E-001
 1.87739388617379904E-001
 1.87739388617379904E-001
 1.87739388617379904E-001
 1.87739388617379904E-001
 1.87739388617379904E-001
 1.87739388617379904E-001
 1.87739388617379904E-001
 1.87739388617379904E-001
 1.87739388617379904E-001
 1.87739388617379904E-001
 1.87739388617379904E-001
 1.87739388617379904E-001
 2.99930118798043521E+000
 2.99930118798043521E+000
 2.99930118798043521E+000
 2.99930118798043521E+000
 2.99930118798043521E+000
# INPUT: soilstate_inst__tkmg_col(1,25)
 1.41507243290422591E+000
 1.41831624717297422E+000
 1.42373913691614740E+000
 1.43136603385569838E+000
 1.44233252931060263E+000
 1.45782692133818426E+000
 2.12702479317208937E+000
 2.12702479317208937E+000
 2.12702479317208937E+000
 2.12702479317208937E+000
 2.12702479317208937E+000
 2.12702479317208937E+000
 2.12702479317208937E+000
 2.12702479317208937E+000
 2.12702479317208937E+000
 2.12702479317208937E+000
 2.12702479317208937E+000
 2.12702479317208937E+000
 2.12702479317208937E+000
 2.12702479317208937E+000
 3.00000000000000000E+000
 3.00000000000000000E+000
 3.00000000000000000E+000
 3.00000000000000000E+000
 3.00000000000000000E+000
# INPUT: soilstate_inst__watsat_col(1,25)
 6.50092307692307747E-001
 6.47784615384615403E-001
 6.43938461538461571E-001
 6.38553846153846250E-001
 6.30861538461538585E-001
 6.20092307692307720E-001
 4.76399999999999990E-001
 4.76399999999999990E-001
 4.76399999999999990E-001
 4.76399999999999990E-001
 4.76399999999999990E-001
 4.76399999999999990E-001
 4.76399999999999990E-001
 4.76399999999999990E-001
 4.76399999999999990E-001
 4.76399999999999990E-001
 4.76399999999999990E-001
 4.76399999999999990E-001
 4.76399999999999990E-001
 4.76399999999999990E-001
 4.76399999999999990E-001
 4.76399999999999990E-001
 4.76399999999999990E-001
 4.76399999999999990E-001
 4.76399999999999990E-001
# INPUT: temperature_inst__t_soisno_col(1,37)
 1.00000000000000004E+036
 1.00000000000000004E+036
 1.00000000000000004E+036
 1.00000000000000004E+036
 1.00000000000000004E+036
 1.00000000000000004E+036
 1.00000000000000004E+036
 1.00000000000000004E+036
 1.00000000000000004E+036
 1.00000000000000004E+036
 1.00000000000000004E+036
 1.00000000000000004E+036
 2.86697243248274731E+002
 2.88621584550057435E+002
 2.90972061109275273E+002
 2.92427141299911284E+002
 2.92364587331901816E+002
 2.91186264922068972E+002
 2.90086097223946297E+002
 2.89234775594875543E+002
 2.88380933600731396E+002
 2.87546517471010475E+002
 2.86778761954308436E+002
 2.86134699306596872E+002
 2.85753325582913362E+002
 2.85515134493216124E+002
 2.85300559547233604E+002
 2.85121102084879055E+002
 2.84978349885680984E+002
 2.84864642286069113E+002
 2.84764314383470207E+002
 2.84655690251244266E+002
 2.84446965159184003E+002
 2.83782831856923906E+002
 2.82272904838411250E+002
 2.80350058999863222E+002
 2.78687098436045517E+002
# INPUT: water_inst__h2osno_col(1)
 0.00000000000000000E+000
# INPUT: waterdiagnosticbulk_inst__bw_col(1,12)
 1.00000000000000004E+036
 1.00000000000000004E+036
 1.00000000000000004E+036
 1.00000000000000004E+036
 1.00000000000000004E+036
 1.00000000000000004E+036
 1.00000000000000004E+036
 1.00000000000000004E+036
 1.00000000000000004E+036
 1.00000000000000004E+036
 1.00000000000000004E+036
 1.00000000000000004E+036
# INPUT: waterdiagnosticbulk_inst__frac_sno_eff_col(1)
 0.00000000000000000E+000
# INPUT: waterstatebulk_inst__h2osfc_col(1)
 0.00000000000000000E+000
# INPUT: waterstatebulk_inst__h2osoi_ice_col(1,37)
 1.00000000000000004E+036
 1.00000000000000004E+036
 1.00000000000000004E+036
 1.00000000000000004E+036
 1.00000000000000004E+036
 1.00000000000000004E+036
 1.00000000000000004E+036
 1.00000000000000004E+036
 1.00000000000000004E+036
 1.00000000000000004E+036
 1.00000000000000004E+036
 1.00000000000000004E+036
 0.00000000000000000E+000
 0.00000000000000000E+000
 0.00000000000000000E+000
 0.00000000000000000E+000
 0.00000000000000000E+000
 0.00000000000000000E+000
 0.00000000000000000E+000
 0.00000000000000000E+000
 0.00000000000000000E+000
 0.00000000000000000E+000
 0.00000000000000000E+000
 0.00000000000000000E+000
 0.00000000000000000E+000
 0.00000000000000000E+000
 0.00000000000000000E+000
 0.00000000000000000E+000
 0.00000000000000000E+000
 0.00000000000000000E+000
 0.00000000000000000E+000
 0.00000000000000000E+000
 0.00000000000000000E+000
 0.00000000000000000E+000
 0.00000000000000000E+000
 0.00000000000000000E+000
 0.00000000000000000E+000
# INPUT: waterstatebulk_inst__h2osoi_liq_col(1,37)
 1.00000000000000004E+036
 1.00000000000000004E+036
 1.00000000000000004E+036
 1.00000000000000004E+036
 1.00000000000000004E+036
 1.00000000000000004E+036
 1.00000000000000004E+036
 1.00000000000000004E+036
 1.00000000000000004E+036
 1.00000000000000004E+036
 1.00000000000000004E+036
 1.00000000000000004E+036
 3.81613033457398387E+000
 7.78910187404227106E+000
 1.17866066624379133E+001
 3.09214425086975133E+001
 4.61570978164672852E+001
 6.30226659774780344E+001
 7.85744130611419820E+001
 9.45388126373290874E+001
 1.12772507667541518E+002
 1.21261749267578125E+002
 1.38885501623153687E+002
 1.57099115848541288E+002
 3.00000008428469300E-002
 3.00000003335299005E-002
 3.00000002607703209E-002
 3.00000001880107448E-002
 2.99999996786937152E-002
 2.99999994604149833E-002
 3.00000004062894732E-002
 2.99999994604149868E-002
 0.00000000000000000E+000
 0.00000000000000000E+000
 0.00000000000000000E+000
 0.00000000000000000E+000
 0.00000000000000000E+000
# INPUT: clm_time_manager__dtstep
1800
# INPUT: clm_varcon__cpice
 2.11726999999999998E+003
# INPUT: clm_varcon__cpliq
 4.18800000000000000E+003
# INPUT: clm_varcon__csol_bedrock
 2.00000000000000000E+006
# INPUT: clm_varcon__denh2o
 1.00000000000000000E+003
# INPUT: clm_varcon__denice
 9.17000000000000000E+002
# INPUT: clm_varcon__thk_bedrock
 3.00000000000000000E+000
# INPUT: clm_varcon__tkair
 2.29999999999999996E-002
# INPUT: clm_varcon__tkice
 2.29000000000000004E+000
# INPUT: clm_varcon__tkwat
 5.69999999999999951E-001
# INPUT: clm_varpar__nlevgrnd
25
# INPUT: clm_varpar__nlevsno
12
# OUTPUT: soilstate_inst__thk_col(1,37)
 1.00000000000000004E+036
 1.00000000000000004E+036
 1.00000000000000004E+036
 1.00000000000000004E+036
 1.00000000000000004E+036
 1.00000000000000004E+036
 1.00000000000000004E+036
 1.00000000000000004E+036
 1.00000000000000004E+036
 1.00000000000000004E+036
 1.00000000000000004E+036
 1.00000000000000004E+036
 5.04287250457399638E-001
 5.15547346269920381E-001
 5.24603127969385352E-001
 8.00762070723354702E-001
 8.13452480454295745E-001
 8.44079690568817487E-001
 1.50679185183309405E+000
 1.50844412611366385E+000
 1.52233070037609641E+000
 1.48422321130027957E+000
 1.49542390771917688E+000
 1.50659405370783905E+000
 3.00000000000000000E+000
 3.00000000000000000E+000
 3.00000000000000000E+000
 3.00000000000000000E+000
 3.00000000000000000E+000
 3.00000000000000000E+000
 3.00000000000000000E+000
 3.00000000000000000E+000
 3.00000000000000000E+000
 3.00000000000000000E+000
 3.00000000000000000E+000
 3.00000000000000000E+000
 3.00000000000000000E+000
# OUTPUT: temperature_inst__t_soisno_col(1,37)
 1.00000000000000004E+036
 1.00000000000000004E+036
 1.00000000000000004E+036
 1.00000000000000004E+036
 1.00000000000000004E+036
 1.00000000000000004E+036
 1.00000000000000004E+036
 1.00000000000000004E+036
 1.00000000000000004E+036
 1.00000000000000004E+036
 1.00000000000000004E+036
 1.00000000000000004E+036
 2.86474140160771981E+002
 2.88402064525729259E+002
 2.90781852539958209E+002
 2.92300408370465561E+002
 2.92322930317798352E+002
 2.91185997456961047E+002
 2.90089135886717315E+002
 2.89237020814743573E+002
 2.88382710603324881E+002
 2.87548145430995532E+002
 2.86780207918073984E+002
 2.86135789774832404E+002
 2.85754128424057910E+002
 2.85515747040485337E+002
 2.85300996972728740E+002
 2.85121391958267679E+002
 2.84978520188239543E+002
 2.84864718270246840E+002
 2.84764318833163884E+002
 2.84655646250931341E+002
 2.84446886416403458E+002
 2.83782798758682986E+002
 2.82272919148630137E+002
 2.80350077941691211E+002
 2.78687121063481129E+002
# OUTPUT: waterdiagnosticbulk_inst__bw_col(1,12)
 1.00000000000000004E+036
 1.00000000000000004E+036
 1.00000000000000004E+036
 1.00000000000000004E+036
 1.00000000000000004E+036
 1.00000000000000004E+036
 1.00000000000000004E+036
 1.00000000000000004E+036
 1.00000000000000004E+036
 1.00000000000000004E+036
 1.00000000000000004E+036
 1.00000000000000004E+036
