# PROBE mlplanthydraulicsmod.leafwaterpotential_flat: call=48
# num_filter = 1
# il = 2
# np_ = 1
# INPUT: filter(1)
1
# INPUT: mlcanopy_inst__dpai_profile(1,100)
 0.00000000000000000E+000
 1.78551353570273429E-002
 3.11655641162021727E-002
 4.57148859213814471E-002
 6.12493639624123037E-002
 7.75313959945820030E-002
 9.43346110262384407E-002
 1.11434803884834954E-001
 1.28601049978836285E-001
 1.45586493163041897E-001
 1.62117246374047785E-001
 1.77877862367811335E-001
 1.92490098223176753E-001
 2.05479351517816183E-001
 2.16217367616885509E-001
 2.23814705886579951E-001
 2.26892468212283621E-001
 2.23004465358848158E-001
 2.06653578762819423E-001
 1.51979540354245490E-001
 0.00000000000000000E+000
 0.00000000000000000E+000
 0.00000000000000000E+000
 0.00000000000000000E+000
 0.00000000000000000E+000
 0.00000000000000000E+000
 0.00000000000000000E+000
 0.00000000000000000E+000
 0.00000000000000000E+000
 0.00000000000000000E+000
 0.00000000000000000E+000
 0.00000000000000000E+000
 0.00000000000000000E+000
 0.00000000000000000E+000
 0.00000000000000000E+000
 0.00000000000000000E+000
 0.00000000000000000E+000
 0.00000000000000000E+000
 0.00000000000000000E+000
 0.00000000000000000E+000
 0.00000000000000000E+000
 0.00000000000000000E+000
 0.00000000000000000E+000
 0.00000000000000000E+000
 0.00000000000000000E+000
 0.00000000000000000E+000
 1.00000000000000004E+036
 1.00000000000000004E+036
 1.00000000000000004E+036
 1.00000000000000004E+036
 1.00000000000000004E+036
 1.00000000000000004E+036
 1.00000000000000004E+036
 1.00000000000000004E+036
 1.00000000000000004E+036
 1.00000000000000004E+036
 1.00000000000000004E+036
 1.00000000000000004E+036
 1.00000000000000004E+036
 1.00000000000000004E+036
 1.00000000000000004E+036
 1.00000000000000004E+036
 1.00000000000000004E+036
 1.00000000000000004E+036
 1.00000000000000004E+036
 1.00000000000000004E+036
 1.00000000000000004E+036
 1.00000000000000004E+036
 1.00000000000000004E+036
 1.00000000000000004E+036
 1.00000000000000004E+036
 1.00000000000000004E+036
 1.00000000000000004E+036
 1.00000000000000004E+036
 1.00000000000000004E+036
 1.00000000000000004E+036
 1.00000000000000004E+036
 1.00000000000000004E+036
 1.00000000000000004E+036
 1.00000000000000004E+036
 1.00000000000000004E+036
 1.00000000000000004E+036
 1.00000000000000004E+036
 1.00000000000000004E+036
 1.00000000000000004E+036
 1.00000000000000004E+036
 1.00000000000000004E+036
 1.00000000000000004E+036
 1.00000000000000004E+036
 1.00000000000000004E+036
 1.00000000000000004E+036
 1.00000000000000004E+036
 1.00000000000000004E+036
 1.00000000000000004E+036
 1.00000000000000004E+036
 1.00000000000000004E+036
 1.00000000000000004E+036
 1.00000000000000004E+036
 1.00000000000000004E+036
 1.00000000000000004E+036
# INPUT: mlcanopy_inst__lsc_profile(1,100)
 0.00000000000000000E+000
 4.44745916404445030E+000
 4.44745916404445030E+000
 4.44745916404445030E+000
 4.44745916404445030E+000
 4.44745916404445030E+000
 4.44745916404445030E+000
 4.44745916404445030E+000
 4.44745916404445030E+000
 4.44745916404445030E+000
 4.44745916404445030E+000
 4.44745916404445030E+000
 4.44745916404445030E+000
 4.44745916404445030E+000
 4.44745916404445030E+000
 4.44745916404445030E+000
 4.44745916404445030E+000
 4.44745916404445030E+000
 4.44745916404445030E+000
 4.44745916404445030E+000
 0.00000000000000000E+000
 0.00000000000000000E+000
 0.00000000000000000E+000
 0.00000000000000000E+000
 0.00000000000000000E+000
 0.00000000000000000E+000
 0.00000000000000000E+000
 0.00000000000000000E+000
 0.00000000000000000E+000
 0.00000000000000000E+000
 0.00000000000000000E+000
 0.00000000000000000E+000
 0.00000000000000000E+000
 0.00000000000000000E+000
 0.00000000000000000E+000
 0.00000000000000000E+000
 0.00000000000000000E+000
 0.00000000000000000E+000
 0.00000000000000000E+000
 0.00000000000000000E+000
 0.00000000000000000E+000
 0.00000000000000000E+000
 0.00000000000000000E+000
 0.00000000000000000E+000
 0.00000000000000000E+000
 0.00000000000000000E+000
 1.00000000000000004E+036
 1.00000000000000004E+036
 1.00000000000000004E+036
 1.00000000000000004E+036
 1.00000000000000004E+036
 1.00000000000000004E+036
 1.00000000000000004E+036
 1.00000000000000004E+036
 1.00000000000000004E+036
 1.00000000000000004E+036
 1.00000000000000004E+036
 1.00000000000000004E+036
 1.00000000000000004E+036
 1.00000000000000004E+036
 1.00000000000000004E+036
 1.00000000000000004E+036
 1.00000000000000004E+036
 1.00000000000000004E+036
 1.00000000000000004E+036
 1.00000000000000004E+036
 1.00000000000000004E+036
 1.00000000000000004E+036
 1.00000000000000004E+036
 1.00000000000000004E+036
 1.00000000000000004E+036
 1.00000000000000004E+036
 1.00000000000000004E+036
 1.00000000000000004E+036
 1.00000000000000004E+036
 1.00000000000000004E+036
 1.00000000000000004E+036
 1.00000000000000004E+036
 1.00000000000000004E+036
 1.00000000000000004E+036
 1.00000000000000004E+036
 1.00000000000000004E+036
 1.00000000000000004E+036
 1.00000000000000004E+036
 1.00000000000000004E+036
 1.00000000000000004E+036
 1.00000000000000004E+036
 1.00000000000000004E+036
 1.00000000000000004E+036
 1.00000000000000004E+036
 1.00000000000000004E+036
 1.00000000000000004E+036
 1.00000000000000004E+036
 1.00000000000000004E+036
 1.00000000000000004E+036
 1.00000000000000004E+036
 1.00000000000000004E+036
 1.00000000000000004E+036
 1.00000000000000004E+036
 1.00000000000000004E+036
# INPUT: mlcanopy_inst__lwp_bef_leaf(1,100,2)
 0.00000000000000000E+000
-4.70922469540369593E-001
-6.05709992094321192E-001
-7.03489116240285983E-001
-7.77850156117933400E-001
-8.39616288443252312E-001
-8.95721338489310570E-001
-9.47224364980431055E-001
-9.98411843989970071E-001
-1.05124934382798640E+000
-1.10486906712353239E+000
-1.16055996594608435E+000
-1.20290004430519537E+000
-1.27392523601348806E+000
-1.35312240204141943E+000
-1.43462975623554745E+000
-1.49574371457808875E+000
-1.52473962570872379E+000
-1.66877025632524467E+000
-1.74227584661436530E+000
 0.00000000000000000E+000
 0.00000000000000000E+000
 0.00000000000000000E+000
 0.00000000000000000E+000
 0.00000000000000000E+000
 0.00000000000000000E+000
 0.00000000000000000E+000
 0.00000000000000000E+000
 0.00000000000000000E+000
 0.00000000000000000E+000
 0.00000000000000000E+000
 0.00000000000000000E+000
 0.00000000000000000E+000
 0.00000000000000000E+000
 0.00000000000000000E+000
 0.00000000000000000E+000
 0.00000000000000000E+000
 0.00000000000000000E+000
 0.00000000000000000E+000
 0.00000000000000000E+000
 0.00000000000000000E+000
 0.00000000000000000E+000
 0.00000000000000000E+000
 0.00000000000000000E+000
 0.00000000000000000E+000
 0.00000000000000000E+000
 1.00000000000000004E+036
 1.00000000000000004E+036
 1.00000000000000004E+036
 1.00000000000000004E+036
 1.00000000000000004E+036
 1.00000000000000004E+036
 1.00000000000000004E+036
 1.00000000000000004E+036
 1.00000000000000004E+036
 1.00000000000000004E+036
 1.00000000000000004E+036
 1.00000000000000004E+036
 1.00000000000000004E+036
 1.00000000000000004E+036
 1.00000000000000004E+036
 1.00000000000000004E+036
 1.00000000000000004E+036
 1.00000000000000004E+036
 1.00000000000000004E+036
 1.00000000000000004E+036
 1.00000000000000004E+036
 1.00000000000000004E+036
 1.00000000000000004E+036
 1.00000000000000004E+036
 1.00000000000000004E+036
 1.00000000000000004E+036
 1.00000000000000004E+036
 1.00000000000000004E+036
 1.00000000000000004E+036
 1.00000000000000004E+036
 1.00000000000000004E+036
 1.00000000000000004E+036
 1.00000000000000004E+036
 1.00000000000000004E+036
 1.00000000000000004E+036
 1.00000000000000004E+036
 1.00000000000000004E+036
 1.00000000000000004E+036
 1.00000000000000004E+036
 1.00000000000000004E+036
 1.00000000000000004E+036
 1.00000000000000004E+036
 1.00000000000000004E+036
 1.00000000000000004E+036
 1.00000000000000004E+036
 1.00000000000000004E+036
 1.00000000000000004E+036
 1.00000000000000004E+036
 1.00000000000000004E+036
 1.00000000000000004E+036
 1.00000000000000004E+036
 1.00000000000000004E+036
 1.00000000000000004E+036
 1.00000000000000004E+036
 0.00000000000000000E+000
-1.99148326819160421E-001
-2.23137800113072632E-001
-2.43246391022501868E-001
-2.62212305970307646E-001
-2.80052324473862690E-001
-2.98407503365610671E-001
-3.19703307195665642E-001
-3.44481535053784205E-001
-3.72397207299699773E-001
-4.06127875150861295E-001
-4.45890831997929449E-001
-4.95948732761471778E-001
-5.55814967636804158E-001
-6.26184650712427460E-001
-7.08014623201094206E-001
-8.05783975775333228E-001
-9.12465611759755268E-001
-1.03277504870825854E+000
-1.13700825705111375E+000
 0.00000000000000000E+000
 0.00000000000000000E+000
 0.00000000000000000E+000
 0.00000000000000000E+000
 0.00000000000000000E+000
 0.00000000000000000E+000
 0.00000000000000000E+000
 0.00000000000000000E+000
 0.00000000000000000E+000
 0.00000000000000000E+000
 0.00000000000000000E+000
 0.00000000000000000E+000
 0.00000000000000000E+000
 0.00000000000000000E+000
 0.00000000000000000E+000
 0.00000000000000000E+000
 0.00000000000000000E+000
 0.00000000000000000E+000
 0.00000000000000000E+000
 0.00000000000000000E+000
 0.00000000000000000E+000
 0.00000000000000000E+000
 0.00000000000000000E+000
 0.00000000000000000E+000
 0.00000000000000000E+000
 0.00000000000000000E+000
 1.00000000000000004E+036
 1.00000000000000004E+036
 1.00000000000000004E+036
 1.00000000000000004E+036
 1.00000000000000004E+036
 1.00000000000000004E+036
 1.00000000000000004E+036
 1.00000000000000004E+036
 1.00000000000000004E+036
 1.00000000000000004E+036
 1.00000000000000004E+036
 1.00000000000000004E+036
 1.00000000000000004E+036
 1.00000000000000004E+036
 1.00000000000000004E+036
 1.00000000000000004E+036
 1.00000000000000004E+036
 1.00000000000000004E+036
 1.00000000000000004E+036
 1.00000000000000004E+036
 1.00000000000000004E+036
 1.00000000000000004E+036
 1.00000000000000004E+036
 1.00000000000000004E+036
 1.00000000000000004E+036
 1.00000000000000004E+036
 1.00000000000000004E+036
 1.00000000000000004E+036
 1.00000000000000004E+036
 1.00000000000000004E+036
 1.00000000000000004E+036
 1.00000000000000004E+036
 1.00000000000000004E+036
 1.00000000000000004E+036
 1.00000000000000004E+036
 1.00000000000000004E+036
 1.00000000000000004E+036
 1.00000000000000004E+036
 1.00000000000000004E+036
 1.00000000000000004E+036
 1.00000000000000004E+036
 1.00000000000000004E+036
 1.00000000000000004E+036
 1.00000000000000004E+036
 1.00000000000000004E+036
 1.00000000000000004E+036
 1.00000000000000004E+036
 1.00000000000000004E+036
 1.00000000000000004E+036
 1.00000000000000004E+036
 1.00000000000000004E+036
 1.00000000000000004E+036
 1.00000000000000004E+036
 1.00000000000000004E+036
# INPUT: mlcanopy_inst__lwp_leaf(1,100,2)
 0.00000000000000000E+000
-4.79374745510749434E-001
-6.14495230536859727E-001
-7.15157292249950061E-001
-7.91561182679345055E-001
-8.54677321829838577E-001
-9.11897538387758999E-001
-9.64483369477774688E-001
-1.01595993853543720E+000
-1.06836931038464944E+000
-1.12201549555859659E+000
-1.17668143636358846E+000
-1.21578160063291985E+000
-1.28474225249776142E+000
-1.36132836518746814E+000
-1.44056574994870878E+000
-1.50393876423018580E+000
-1.53975704133041735E+000
-1.65026146157112019E+000
-1.67984790819252638E+000
 0.00000000000000000E+000
 0.00000000000000000E+000
 0.00000000000000000E+000
 0.00000000000000000E+000
 0.00000000000000000E+000
 0.00000000000000000E+000
 0.00000000000000000E+000
 0.00000000000000000E+000
 0.00000000000000000E+000
 0.00000000000000000E+000
 0.00000000000000000E+000
 0.00000000000000000E+000
 0.00000000000000000E+000
 0.00000000000000000E+000
 0.00000000000000000E+000
 0.00000000000000000E+000
 0.00000000000000000E+000
 0.00000000000000000E+000
 0.00000000000000000E+000
 0.00000000000000000E+000
 0.00000000000000000E+000
 0.00000000000000000E+000
 0.00000000000000000E+000
 0.00000000000000000E+000
 0.00000000000000000E+000
 0.00000000000000000E+000
-1.00000000000000006E-001
-1.00000000000000006E-001
-1.00000000000000006E-001
-1.00000000000000006E-001
-1.00000000000000006E-001
-1.00000000000000006E-001
-1.00000000000000006E-001
-1.00000000000000006E-001
-1.00000000000000006E-001
-1.00000000000000006E-001
-1.00000000000000006E-001
-1.00000000000000006E-001
-1.00000000000000006E-001
-1.00000000000000006E-001
-1.00000000000000006E-001
-1.00000000000000006E-001
-1.00000000000000006E-001
-1.00000000000000006E-001
-1.00000000000000006E-001
-1.00000000000000006E-001
-1.00000000000000006E-001
-1.00000000000000006E-001
-1.00000000000000006E-001
-1.00000000000000006E-001
-1.00000000000000006E-001
-1.00000000000000006E-001
-1.00000000000000006E-001
-1.00000000000000006E-001
-1.00000000000000006E-001
-1.00000000000000006E-001
-1.00000000000000006E-001
-1.00000000000000006E-001
-1.00000000000000006E-001
-1.00000000000000006E-001
-1.00000000000000006E-001
-1.00000000000000006E-001
-1.00000000000000006E-001
-1.00000000000000006E-001
-1.00000000000000006E-001
-1.00000000000000006E-001
-1.00000000000000006E-001
-1.00000000000000006E-001
-1.00000000000000006E-001
-1.00000000000000006E-001
-1.00000000000000006E-001
-1.00000000000000006E-001
-1.00000000000000006E-001
-1.00000000000000006E-001
-1.00000000000000006E-001
-1.00000000000000006E-001
-1.00000000000000006E-001
-1.00000000000000006E-001
-1.00000000000000006E-001
-1.00000000000000006E-001
 0.00000000000000000E+000
-1.95246651267010268E-001
-2.18153961473528946E-001
-2.37525797933820532E-001
-2.53687278738835120E-001
-2.72259238068607468E-001
-2.89007495284629046E-001
-3.09118351284601467E-001
-3.30585362436339514E-001
-3.58419294893734364E-001
-3.89811491389279730E-001
-4.26781059414221786E-001
-4.73471039786961423E-001
-5.29794385682846425E-001
-5.95895048508648051E-001
-6.75287042566687812E-001
-7.68495154967478333E-001
-8.73730406788391756E-001
-9.94685234144028874E-001
-1.10205934834394403E+000
 0.00000000000000000E+000
 0.00000000000000000E+000
 0.00000000000000000E+000
 0.00000000000000000E+000
 0.00000000000000000E+000
 0.00000000000000000E+000
 0.00000000000000000E+000
 0.00000000000000000E+000
 0.00000000000000000E+000
 0.00000000000000000E+000
 0.00000000000000000E+000
 0.00000000000000000E+000
 0.00000000000000000E+000
 0.00000000000000000E+000
 0.00000000000000000E+000
 0.00000000000000000E+000
 0.00000000000000000E+000
 0.00000000000000000E+000
 0.00000000000000000E+000
 0.00000000000000000E+000
 0.00000000000000000E+000
 0.00000000000000000E+000
 0.00000000000000000E+000
 0.00000000000000000E+000
 0.00000000000000000E+000
 0.00000000000000000E+000
-1.00000000000000006E-001
-1.00000000000000006E-001
-1.00000000000000006E-001
-1.00000000000000006E-001
-1.00000000000000006E-001
-1.00000000000000006E-001
-1.00000000000000006E-001
-1.00000000000000006E-001
-1.00000000000000006E-001
-1.00000000000000006E-001
-1.00000000000000006E-001
-1.00000000000000006E-001
-1.00000000000000006E-001
-1.00000000000000006E-001
-1.00000000000000006E-001
-1.00000000000000006E-001
-1.00000000000000006E-001
-1.00000000000000006E-001
-1.00000000000000006E-001
-1.00000000000000006E-001
-1.00000000000000006E-001
-1.00000000000000006E-001
-1.00000000000000006E-001
-1.00000000000000006E-001
-1.00000000000000006E-001
-1.00000000000000006E-001
-1.00000000000000006E-001
-1.00000000000000006E-001
-1.00000000000000006E-001
-1.00000000000000006E-001
-1.00000000000000006E-001
-1.00000000000000006E-001
-1.00000000000000006E-001
-1.00000000000000006E-001
-1.00000000000000006E-001
-1.00000000000000006E-001
-1.00000000000000006E-001
-1.00000000000000006E-001
-1.00000000000000006E-001
-1.00000000000000006E-001
-1.00000000000000006E-001
-1.00000000000000006E-001
-1.00000000000000006E-001
-1.00000000000000006E-001
-1.00000000000000006E-001
-1.00000000000000006E-001
-1.00000000000000006E-001
-1.00000000000000006E-001
-1.00000000000000006E-001
-1.00000000000000006E-001
-1.00000000000000006E-001
-1.00000000000000006E-001
-1.00000000000000006E-001
-1.00000000000000006E-001
# INPUT: mlcanopy_inst__ncan_canopy(1)
46
# INPUT: mlcanopy_inst__psis_soil(1)
-1.28468907566418322E-001
# INPUT: mlcanopy_inst__trleaf_leaf(1,100,2)
 0.00000000000000000E+000
 1.58123240311789878E-003
 2.16246772263976959E-003
 2.60653195310356486E-003
 2.93741097381344796E-003
 3.20482386513940487E-003
 3.44453386810552025E-003
 3.66342854151882743E-003
 3.87238428032345020E-003
 4.08096550740509600E-003
 4.29791426861021991E-003
 4.51276760329114707E-003
 4.64442422841167615E-003
 4.91629661517649797E-003
 5.21863635659751846E-003
 5.53491855771221040E-003
 5.80920678167461298E-003
 5.98972481514023231E-003
 6.24794933333774113E-003
 6.08075174601817835E-003
 0.00000000000000000E+000
 0.00000000000000000E+000
 0.00000000000000000E+000
 0.00000000000000000E+000
 0.00000000000000000E+000
 0.00000000000000000E+000
 0.00000000000000000E+000
 0.00000000000000000E+000
 0.00000000000000000E+000
 0.00000000000000000E+000
 0.00000000000000000E+000
 0.00000000000000000E+000
 0.00000000000000000E+000
 0.00000000000000000E+000
 0.00000000000000000E+000
 0.00000000000000000E+000
 0.00000000000000000E+000
 0.00000000000000000E+000
 0.00000000000000000E+000
 0.00000000000000000E+000
 0.00000000000000000E+000
 0.00000000000000000E+000
 0.00000000000000000E+000
 0.00000000000000000E+000
 0.00000000000000000E+000
 0.00000000000000000E+000
 1.00000000000000004E+036
 1.00000000000000004E+036
 1.00000000000000004E+036
 1.00000000000000004E+036
 1.00000000000000004E+036
 1.00000000000000004E+036
 1.00000000000000004E+036
 1.00000000000000004E+036
 1.00000000000000004E+036
 1.00000000000000004E+036
 1.00000000000000004E+036
 1.00000000000000004E+036
 1.00000000000000004E+036
 1.00000000000000004E+036
 1.00000000000000004E+036
 1.00000000000000004E+036
 1.00000000000000004E+036
 1.00000000000000004E+036
 1.00000000000000004E+036
 1.00000000000000004E+036
 1.00000000000000004E+036
 1.00000000000000004E+036
 1.00000000000000004E+036
 1.00000000000000004E+036
 1.00000000000000004E+036
 1.00000000000000004E+036
 1.00000000000000004E+036
 1.00000000000000004E+036
 1.00000000000000004E+036
 1.00000000000000004E+036
 1.00000000000000004E+036
 1.00000000000000004E+036
 1.00000000000000004E+036
 1.00000000000000004E+036
 1.00000000000000004E+036
 1.00000000000000004E+036
 1.00000000000000004E+036
 1.00000000000000004E+036
 1.00000000000000004E+036
 1.00000000000000004E+036
 1.00000000000000004E+036
 1.00000000000000004E+036
 1.00000000000000004E+036
 1.00000000000000004E+036
 1.00000000000000004E+036
 1.00000000000000004E+036
 1.00000000000000004E+036
 1.00000000000000004E+036
 1.00000000000000004E+036
 1.00000000000000004E+036
 1.00000000000000004E+036
 1.00000000000000004E+036
 1.00000000000000004E+036
 1.00000000000000004E+036
 0.00000000000000000E+000
 2.40399905067870177E-004
 3.15356517916870287E-004
 3.58841902550078662E-004
 4.11202937700665756E-004
 4.59638372987138631E-004
 5.26153933165923130E-004
 5.90678780172410262E-004
 6.49984688717639711E-004
 7.38150518205357990E-004
 8.69511817007108129E-004
 1.00187568890059125E-003
 1.17748129348674985E-003
 1.39370898943690503E-003
 1.64999680324411286E-003
 1.96106141853017021E-003
 2.35278219532782757E-003
 2.78456659150435378E-003
 3.14281012297077875E-003
 3.47694831390095785E-003
 0.00000000000000000E+000
 0.00000000000000000E+000
 0.00000000000000000E+000
 0.00000000000000000E+000
 0.00000000000000000E+000
 0.00000000000000000E+000
 0.00000000000000000E+000
 0.00000000000000000E+000
 0.00000000000000000E+000
 0.00000000000000000E+000
 0.00000000000000000E+000
 0.00000000000000000E+000
 0.00000000000000000E+000
 0.00000000000000000E+000
 0.00000000000000000E+000
 0.00000000000000000E+000
 0.00000000000000000E+000
 0.00000000000000000E+000
 0.00000000000000000E+000
 0.00000000000000000E+000
 0.00000000000000000E+000
 0.00000000000000000E+000
 0.00000000000000000E+000
 0.00000000000000000E+000
 0.00000000000000000E+000
 0.00000000000000000E+000
 1.00000000000000004E+036
 1.00000000000000004E+036
 1.00000000000000004E+036
 1.00000000000000004E+036
 1.00000000000000004E+036
 1.00000000000000004E+036
 1.00000000000000004E+036
 1.00000000000000004E+036
 1.00000000000000004E+036
 1.00000000000000004E+036
 1.00000000000000004E+036
 1.00000000000000004E+036
 1.00000000000000004E+036
 1.00000000000000004E+036
 1.00000000000000004E+036
 1.00000000000000004E+036
 1.00000000000000004E+036
 1.00000000000000004E+036
 1.00000000000000004E+036
 1.00000000000000004E+036
 1.00000000000000004E+036
 1.00000000000000004E+036
 1.00000000000000004E+036
 1.00000000000000004E+036
 1.00000000000000004E+036
 1.00000000000000004E+036
 1.00000000000000004E+036
 1.00000000000000004E+036
 1.00000000000000004E+036
 1.00000000000000004E+036
 1.00000000000000004E+036
 1.00000000000000004E+036
 1.00000000000000004E+036
 1.00000000000000004E+036
 1.00000000000000004E+036
 1.00000000000000004E+036
 1.00000000000000004E+036
 1.00000000000000004E+036
 1.00000000000000004E+036
 1.00000000000000004E+036
 1.00000000000000004E+036
 1.00000000000000004E+036
 1.00000000000000004E+036
 1.00000000000000004E+036
 1.00000000000000004E+036
 1.00000000000000004E+036
 1.00000000000000004E+036
 1.00000000000000004E+036
 1.00000000000000004E+036
 1.00000000000000004E+036
 1.00000000000000004E+036
 1.00000000000000004E+036
 1.00000000000000004E+036
 1.00000000000000004E+036
# INPUT: mlcanopy_inst__zs_profile(1,100)
 2.50000000000000000E-001
 7.50000000000000000E-001
 1.25000000000000000E+000
 1.75000000000000000E+000
 2.25000000000000000E+000
 2.75000000000000000E+000
 3.25000000000000000E+000
 3.75000000000000000E+000
 4.25000000000000000E+000
 4.75000000000000000E+000
 5.25000000000000000E+000
 5.75000000000000000E+000
 6.25000000000000000E+000
 6.75000000000000000E+000
 7.25000000000000000E+000
 7.75000000000000000E+000
 8.25000000000000000E+000
 8.75000000000000000E+000
 9.25000000000000000E+000
 9.75000000000000000E+000
 1.02500000000000000E+001
 1.07500000000000000E+001
 1.12500000000000000E+001
 1.17500000000000000E+001
 1.22500000000000000E+001
 1.27500000000000000E+001
 1.32500000000000000E+001
 1.37500000000000000E+001
 1.42500000000000000E+001
 1.47500000000000000E+001
 1.52500000000000000E+001
 1.57500000000000000E+001
 1.62500000000000000E+001
 1.67500000000000000E+001
 1.72500000000000000E+001
 1.77500000000000000E+001
 1.82500000000000000E+001
 1.87500000000000000E+001
 1.92500000000000000E+001
 1.97500000000000000E+001
 2.02500000000000000E+001
 2.07500000000000000E+001
 2.12500000000000000E+001
 2.17500000000000000E+001
 2.22500000000000000E+001
 2.27500000000000000E+001
 1.00000000000000004E+036
 1.00000000000000004E+036
 1.00000000000000004E+036
 1.00000000000000004E+036
 1.00000000000000004E+036
 1.00000000000000004E+036
 1.00000000000000004E+036
 1.00000000000000004E+036
 1.00000000000000004E+036
 1.00000000000000004E+036
 1.00000000000000004E+036
 1.00000000000000004E+036
 1.00000000000000004E+036
 1.00000000000000004E+036
 1.00000000000000004E+036
 1.00000000000000004E+036
 1.00000000000000004E+036
 1.00000000000000004E+036
 1.00000000000000004E+036
 1.00000000000000004E+036
 1.00000000000000004E+036
 1.00000000000000004E+036
 1.00000000000000004E+036
 1.00000000000000004E+036
 1.00000000000000004E+036
 1.00000000000000004E+036
 1.00000000000000004E+036
 1.00000000000000004E+036
 1.00000000000000004E+036
 1.00000000000000004E+036
 1.00000000000000004E+036
 1.00000000000000004E+036
 1.00000000000000004E+036
 1.00000000000000004E+036
 1.00000000000000004E+036
 1.00000000000000004E+036
 1.00000000000000004E+036
 1.00000000000000004E+036
 1.00000000000000004E+036
 1.00000000000000004E+036
 1.00000000000000004E+036
 1.00000000000000004E+036
 1.00000000000000004E+036
 1.00000000000000004E+036
 1.00000000000000004E+036
 1.00000000000000004E+036
 1.00000000000000004E+036
 1.00000000000000004E+036
 1.00000000000000004E+036
 1.00000000000000004E+036
 1.00000000000000004E+036
 1.00000000000000004E+036
 1.00000000000000004E+036
 1.00000000000000004E+036
# INPUT: mlpftcon__capac_spa(79)
-9.99000000000000000E+002
 2.50000000000000000E+003
 2.50000000000000000E+003
 2.50000000000000000E+003
 2.50000000000000000E+003
 2.50000000000000000E+003
 2.50000000000000000E+003
 2.50000000000000000E+003
 2.50000000000000000E+003
 2.50000000000000000E+003
 2.50000000000000000E+003
 2.50000000000000000E+003
 5.00000000000000000E+002
 5.00000000000000000E+002
 5.00000000000000000E+002
 5.00000000000000000E+002
 5.00000000000000000E+002
-9.99000000000000000E+002
-9.99000000000000000E+002
-9.99000000000000000E+002
-9.99000000000000000E+002
-9.99000000000000000E+002
-9.99000000000000000E+002
-9.99000000000000000E+002
-9.99000000000000000E+002
-9.99000000000000000E+002
-9.99000000000000000E+002
-9.99000000000000000E+002
-9.99000000000000000E+002
-9.99000000000000000E+002
-9.99000000000000000E+002
-9.99000000000000000E+002
-9.99000000000000000E+002
-9.99000000000000000E+002
-9.99000000000000000E+002
-9.99000000000000000E+002
-9.99000000000000000E+002
-9.99000000000000000E+002
-9.99000000000000000E+002
-9.99000000000000000E+002
-9.99000000000000000E+002
-9.99000000000000000E+002
-9.99000000000000000E+002
-9.99000000000000000E+002
-9.99000000000000000E+002
-9.99000000000000000E+002
-9.99000000000000000E+002
-9.99000000000000000E+002
-9.99000000000000000E+002
-9.99000000000000000E+002
-9.99000000000000000E+002
-9.99000000000000000E+002
-9.99000000000000000E+002
-9.99000000000000000E+002
-9.99000000000000000E+002
-9.99000000000000000E+002
-9.99000000000000000E+002
-9.99000000000000000E+002
-9.99000000000000000E+002
-9.99000000000000000E+002
-9.99000000000000000E+002
-9.99000000000000000E+002
-9.99000000000000000E+002
-9.99000000000000000E+002
-9.99000000000000000E+002
-9.99000000000000000E+002
-9.99000000000000000E+002
-9.99000000000000000E+002
-9.99000000000000000E+002
-9.99000000000000000E+002
-9.99000000000000000E+002
-9.99000000000000000E+002
-9.99000000000000000E+002
-9.99000000000000000E+002
-9.99000000000000000E+002
-9.99000000000000000E+002
-9.99000000000000000E+002
-9.99000000000000000E+002
-9.99000000000000000E+002
# INPUT: patch__itype(1)
7
# INPUT: clm_varcon__denh2o
 1.00000000000000000E+003
# INPUT: clm_varcon__grav
 9.80664999999999942E+000
# INPUT: mlclm_varctl__dtime_ml
 3.00000000000000000E+002
# OUTPUT: mlcanopy_inst__lwp_leaf(1,100,2)
 0.00000000000000000E+000
-4.79374745510749434E-001
-6.14495230536859727E-001
-7.15157292249950061E-001
-7.91561182679345055E-001
-8.54677321829838577E-001
-9.11897538387758999E-001
-9.64483369477774688E-001
-1.01595993853543720E+000
-1.06836931038464944E+000
-1.12201549555859659E+000
-1.17668143636358846E+000
-1.21578160063291985E+000
-1.28474225249776142E+000
-1.36132836518746814E+000
-1.44056574994870878E+000
-1.50393876423018580E+000
-1.53975704133041735E+000
-1.65026146157112019E+000
-1.67984790819252638E+000
 0.00000000000000000E+000
 0.00000000000000000E+000
 0.00000000000000000E+000
 0.00000000000000000E+000
 0.00000000000000000E+000
 0.00000000000000000E+000
 0.00000000000000000E+000
 0.00000000000000000E+000
 0.00000000000000000E+000
 0.00000000000000000E+000
 0.00000000000000000E+000
 0.00000000000000000E+000
 0.00000000000000000E+000
 0.00000000000000000E+000
 0.00000000000000000E+000
 0.00000000000000000E+000
 0.00000000000000000E+000
 0.00000000000000000E+000
 0.00000000000000000E+000
 0.00000000000000000E+000
 0.00000000000000000E+000
 0.00000000000000000E+000
 0.00000000000000000E+000
 0.00000000000000000E+000
 0.00000000000000000E+000
 0.00000000000000000E+000
-1.00000000000000006E-001
-1.00000000000000006E-001
-1.00000000000000006E-001
-1.00000000000000006E-001
-1.00000000000000006E-001
-1.00000000000000006E-001
-1.00000000000000006E-001
-1.00000000000000006E-001
-1.00000000000000006E-001
-1.00000000000000006E-001
-1.00000000000000006E-001
-1.00000000000000006E-001
-1.00000000000000006E-001
-1.00000000000000006E-001
-1.00000000000000006E-001
-1.00000000000000006E-001
-1.00000000000000006E-001
-1.00000000000000006E-001
-1.00000000000000006E-001
-1.00000000000000006E-001
-1.00000000000000006E-001
-1.00000000000000006E-001
-1.00000000000000006E-001
-1.00000000000000006E-001
-1.00000000000000006E-001
-1.00000000000000006E-001
-1.00000000000000006E-001
-1.00000000000000006E-001
-1.00000000000000006E-001
-1.00000000000000006E-001
-1.00000000000000006E-001
-1.00000000000000006E-001
-1.00000000000000006E-001
-1.00000000000000006E-001
-1.00000000000000006E-001
-1.00000000000000006E-001
-1.00000000000000006E-001
-1.00000000000000006E-001
-1.00000000000000006E-001
-1.00000000000000006E-001
-1.00000000000000006E-001
-1.00000000000000006E-001
-1.00000000000000006E-001
-1.00000000000000006E-001
-1.00000000000000006E-001
-1.00000000000000006E-001
-1.00000000000000006E-001
-1.00000000000000006E-001
-1.00000000000000006E-001
-1.00000000000000006E-001
-1.00000000000000006E-001
-1.00000000000000006E-001
-1.00000000000000006E-001
-1.00000000000000006E-001
 0.00000000000000000E+000
-1.95314107852358448E-001
-2.18380360236156451E-001
-2.36244244660355929E-001
-2.54263365258831864E-001
-2.71257183212429087E-001
-2.90234366322458082E-001
-3.10750917002755755E-001
-3.32824374370732867E-001
-3.59421398807387993E-001
-3.93445249606830694E-001
-4.31099868484080273E-001
-4.78812809859826105E-001
-5.36055110656845524E-001
-6.03182151925794385E-001
-6.82123551547764606E-001
-7.77912503451273163E-001
-8.82653408251945049E-001
-9.88547608120449839E-001
-1.08277262251102391E+000
 0.00000000000000000E+000
 0.00000000000000000E+000
 0.00000000000000000E+000
 0.00000000000000000E+000
 0.00000000000000000E+000
 0.00000000000000000E+000
 0.00000000000000000E+000
 0.00000000000000000E+000
 0.00000000000000000E+000
 0.00000000000000000E+000
 0.00000000000000000E+000
 0.00000000000000000E+000
 0.00000000000000000E+000
 0.00000000000000000E+000
 0.00000000000000000E+000
 0.00000000000000000E+000
 0.00000000000000000E+000
 0.00000000000000000E+000
 0.00000000000000000E+000
 0.00000000000000000E+000
 0.00000000000000000E+000
 0.00000000000000000E+000
 0.00000000000000000E+000
 0.00000000000000000E+000
 0.00000000000000000E+000
 0.00000000000000000E+000
-1.00000000000000006E-001
-1.00000000000000006E-001
-1.00000000000000006E-001
-1.00000000000000006E-001
-1.00000000000000006E-001
-1.00000000000000006E-001
-1.00000000000000006E-001
-1.00000000000000006E-001
-1.00000000000000006E-001
-1.00000000000000006E-001
-1.00000000000000006E-001
-1.00000000000000006E-001
-1.00000000000000006E-001
-1.00000000000000006E-001
-1.00000000000000006E-001
-1.00000000000000006E-001
-1.00000000000000006E-001
-1.00000000000000006E-001
-1.00000000000000006E-001
-1.00000000000000006E-001
-1.00000000000000006E-001
-1.00000000000000006E-001
-1.00000000000000006E-001
-1.00000000000000006E-001
-1.00000000000000006E-001
-1.00000000000000006E-001
-1.00000000000000006E-001
-1.00000000000000006E-001
-1.00000000000000006E-001
-1.00000000000000006E-001
-1.00000000000000006E-001
-1.00000000000000006E-001
-1.00000000000000006E-001
-1.00000000000000006E-001
-1.00000000000000006E-001
-1.00000000000000006E-001
-1.00000000000000006E-001
-1.00000000000000006E-001
-1.00000000000000006E-001
-1.00000000000000006E-001
-1.00000000000000006E-001
-1.00000000000000006E-001
-1.00000000000000006E-001
-1.00000000000000006E-001
-1.00000000000000006E-001
-1.00000000000000006E-001
-1.00000000000000006E-001
-1.00000000000000006E-001
-1.00000000000000006E-001
-1.00000000000000006E-001
-1.00000000000000006E-001
-1.00000000000000006E-001
-1.00000000000000006E-001
-1.00000000000000006E-001
