# PROBE mlplanthydraulicsmod.soilresistance_flat: call=2
# num_filter = 1
# np_ = 1
# INPUT: filter(1)
1
# INPUT: col__dz(1,37)
 1.00000000000000004E+036
 1.00000000000000004E+036
 1.00000000000000004E+036
 1.00000000000000004E+036
 1.00000000000000004E+036
 1.00000000000000004E+036
 1.00000000000000004E+036
 1.00000000000000004E+036
 1.00000000000000004E+036
 1.00000000000000004E+036
 1.00000000000000004E+036
 1.00000000000000004E+036
 2.00000000000000004E-002
 4.00000000000000008E-002
 5.99999999999999978E-002
 8.00000000000000017E-002
 1.19999999999999996E-001
 1.60000000000000003E-001
 2.00000000000000011E-001
 2.39999999999999991E-001
 2.80000000000000027E-001
 3.20000000000000007E-001
 3.60000000000000042E-001
 4.00000000000000022E-001
 4.40000000000000002E-001
 5.40000000000000036E-001
 6.40000000000000013E-001
 7.39999999999999991E-001
 8.40000000000000080E-001
 9.39999999999999947E-001
 1.04000000000000004E+000
 1.14000000000000012E+000
 2.39000000000000012E+000
 4.67553390593273832E+000
 7.63519052838329060E+000
 1.11400000000000006E+001
 1.51154248593736860E+001
# INPUT: col__nbedrock(1)
12
# INPUT: mlcanopy_inst__lai_canopy(1)
 2.00000000000000000E+000
# INPUT: mlcanopy_inst__psis_soil(1)
-1.28468907566418322E-001
# INPUT: mlcanopy_inst__root_biomass_canopy(1)
 5.00000000000000000E+002
# INPUT: mlcanopy_inst__rsoil_soil(1)
 8.19903404170184563E-002
# INPUT: mlcanopy_inst__soil_et_loss_soil(1,25)
 0.00000000000000000E+000
 0.00000000000000000E+000
 0.00000000000000000E+000
 2.40947356017785469E-001
 2.50355742900119638E-001
 2.04440985607761833E-001
 1.52120417025028210E-001
 8.60676668194827188E-002
 4.13878798629476949E-002
 1.68552403857442322E-002
 5.97560734433248003E-003
 1.84910403679773268E-003
 0.00000000000000000E+000
 0.00000000000000000E+000
 0.00000000000000000E+000
 0.00000000000000000E+000
 0.00000000000000000E+000
 0.00000000000000000E+000
 0.00000000000000000E+000
 0.00000000000000000E+000
 0.00000000000000000E+000
 0.00000000000000000E+000
 0.00000000000000000E+000
 0.00000000000000000E+000
 0.00000000000000000E+000
# INPUT: mlpftcon__root_density_spa(79)
-9.99000000000000000E+002
 3.10000000000000000E+005
 3.10000000000000000E+005
 3.10000000000000000E+005
 3.10000000000000000E+005
 3.10000000000000000E+005
 3.10000000000000000E+005
 3.10000000000000000E+005
 3.10000000000000000E+005
 3.10000000000000000E+005
 3.10000000000000000E+005
 3.10000000000000000E+005
 3.10000000000000000E+005
 3.10000000000000000E+005
 3.10000000000000000E+005
 3.10000000000000000E+005
 3.10000000000000000E+005
-9.99000000000000000E+002
-9.99000000000000000E+002
-9.99000000000000000E+002
-9.99000000000000000E+002
-9.99000000000000000E+002
-9.99000000000000000E+002
-9.99000000000000000E+002
-9.99000000000000000E+002
-9.99000000000000000E+002
-9.99000000000000000E+002
-9.99000000000000000E+002
-9.99000000000000000E+002
-9.99000000000000000E+002
-9.99000000000000000E+002
-9.99000000000000000E+002
-9.99000000000000000E+002
-9.99000000000000000E+002
-9.99000000000000000E+002
-9.99000000000000000E+002
-9.99000000000000000E+002
-9.99000000000000000E+002
-9.99000000000000000E+002
-9.99000000000000000E+002
-9.99000000000000000E+002
-9.99000000000000000E+002
-9.99000000000000000E+002
-9.99000000000000000E+002
-9.99000000000000000E+002
-9.99000000000000000E+002
-9.99000000000000000E+002
-9.99000000000000000E+002
-9.99000000000000000E+002
-9.99000000000000000E+002
-9.99000000000000000E+002
-9.99000000000000000E+002
-9.99000000000000000E+002
-9.99000000000000000E+002
-9.99000000000000000E+002
-9.99000000000000000E+002
-9.99000000000000000E+002
-9.99000000000000000E+002
-9.99000000000000000E+002
-9.99000000000000000E+002
-9.99000000000000000E+002
-9.99000000000000000E+002
-9.99000000000000000E+002
-9.99000000000000000E+002
-9.99000000000000000E+002
-9.99000000000000000E+002
-9.99000000000000000E+002
-9.99000000000000000E+002
-9.99000000000000000E+002
-9.99000000000000000E+002
-9.99000000000000000E+002
-9.99000000000000000E+002
-9.99000000000000000E+002
-9.99000000000000000E+002
-9.99000000000000000E+002
-9.99000000000000000E+002
-9.99000000000000000E+002
-9.99000000000000000E+002
-9.99000000000000000E+002
# INPUT: mlpftcon__root_radius_spa(79)
-9.99000000000000000E+002
 2.90000000000000002E-004
 2.90000000000000002E-004
 2.90000000000000002E-004
 2.90000000000000002E-004
 2.90000000000000002E-004
 2.90000000000000002E-004
 2.90000000000000002E-004
 2.90000000000000002E-004
 2.90000000000000002E-004
 2.90000000000000002E-004
 2.90000000000000002E-004
 2.90000000000000002E-004
 2.90000000000000002E-004
 2.90000000000000002E-004
 2.90000000000000002E-004
 2.90000000000000002E-004
-9.99000000000000000E+002
-9.99000000000000000E+002
-9.99000000000000000E+002
-9.99000000000000000E+002
-9.99000000000000000E+002
-9.99000000000000000E+002
-9.99000000000000000E+002
-9.99000000000000000E+002
-9.99000000000000000E+002
-9.99000000000000000E+002
-9.99000000000000000E+002
-9.99000000000000000E+002
-9.99000000000000000E+002
-9.99000000000000000E+002
-9.99000000000000000E+002
-9.99000000000000000E+002
-9.99000000000000000E+002
-9.99000000000000000E+002
-9.99000000000000000E+002
-9.99000000000000000E+002
-9.99000000000000000E+002
-9.99000000000000000E+002
-9.99000000000000000E+002
-9.99000000000000000E+002
-9.99000000000000000E+002
-9.99000000000000000E+002
-9.99000000000000000E+002
-9.99000000000000000E+002
-9.99000000000000000E+002
-9.99000000000000000E+002
-9.99000000000000000E+002
-9.99000000000000000E+002
-9.99000000000000000E+002
-9.99000000000000000E+002
-9.99000000000000000E+002
-9.99000000000000000E+002
-9.99000000000000000E+002
-9.99000000000000000E+002
-9.99000000000000000E+002
-9.99000000000000000E+002
-9.99000000000000000E+002
-9.99000000000000000E+002
-9.99000000000000000E+002
-9.99000000000000000E+002
-9.99000000000000000E+002
-9.99000000000000000E+002
-9.99000000000000000E+002
-9.99000000000000000E+002
-9.99000000000000000E+002
-9.99000000000000000E+002
-9.99000000000000000E+002
-9.99000000000000000E+002
-9.99000000000000000E+002
-9.99000000000000000E+002
-9.99000000000000000E+002
-9.99000000000000000E+002
-9.99000000000000000E+002
-9.99000000000000000E+002
-9.99000000000000000E+002
-9.99000000000000000E+002
-9.99000000000000000E+002
-9.99000000000000000E+002
# INPUT: mlpftcon__root_resist_spa(79)
-9.99000000000000000E+002
 2.50000000000000000E+001
 2.50000000000000000E+001
 2.50000000000000000E+001
 2.50000000000000000E+001
 2.50000000000000000E+001
 2.50000000000000000E+001
 1.40000000000000000E+001
 2.50000000000000000E+001
 2.50000000000000000E+001
 2.50000000000000000E+001
 2.50000000000000000E+001
 2.50000000000000000E+001
 2.50000000000000000E+001
 2.50000000000000000E+001
 2.50000000000000000E+001
 2.50000000000000000E+001
-9.99000000000000000E+002
-9.99000000000000000E+002
-9.99000000000000000E+002
-9.99000000000000000E+002
-9.99000000000000000E+002
-9.99000000000000000E+002
-9.99000000000000000E+002
-9.99000000000000000E+002
-9.99000000000000000E+002
-9.99000000000000000E+002
-9.99000000000000000E+002
-9.99000000000000000E+002
-9.99000000000000000E+002
-9.99000000000000000E+002
-9.99000000000000000E+002
-9.99000000000000000E+002
-9.99000000000000000E+002
-9.99000000000000000E+002
-9.99000000000000000E+002
-9.99000000000000000E+002
-9.99000000000000000E+002
-9.99000000000000000E+002
-9.99000000000000000E+002
-9.99000000000000000E+002
-9.99000000000000000E+002
-9.99000000000000000E+002
-9.99000000000000000E+002
-9.99000000000000000E+002
-9.99000000000000000E+002
-9.99000000000000000E+002
-9.99000000000000000E+002
-9.99000000000000000E+002
-9.99000000000000000E+002
-9.99000000000000000E+002
-9.99000000000000000E+002
-9.99000000000000000E+002
-9.99000000000000000E+002
-9.99000000000000000E+002
-9.99000000000000000E+002
-9.99000000000000000E+002
-9.99000000000000000E+002
-9.99000000000000000E+002
-9.99000000000000000E+002
-9.99000000000000000E+002
-9.99000000000000000E+002
-9.99000000000000000E+002
-9.99000000000000000E+002
-9.99000000000000000E+002
-9.99000000000000000E+002
-9.99000000000000000E+002
-9.99000000000000000E+002
-9.99000000000000000E+002
-9.99000000000000000E+002
-9.99000000000000000E+002
-9.99000000000000000E+002
-9.99000000000000000E+002
-9.99000000000000000E+002
-9.99000000000000000E+002
-9.99000000000000000E+002
-9.99000000000000000E+002
-9.99000000000000000E+002
-9.99000000000000000E+002
# INPUT: patch__column(1)
1
# INPUT: patch__itype(1)
7
# INPUT: soilstate_inst__hk_l_col(1,25)
 3.73844907119992843E-011
 3.93481118397582042E-011
 2.55176943413004718E-011
 2.86827177028754927E-007
 1.70276399997501654E-007
 1.56044342736253254E-007
 3.16435877310416048E-005
 3.28619400206209432E-005
 5.04105756386679987E-005
 1.48565862380948809E-005
 2.12244074163504110E-005
 3.05063999873452700E-005
 1.00000000000000004E+036
 1.00000000000000004E+036
 1.00000000000000004E+036
 1.00000000000000004E+036
 1.00000000000000004E+036
 1.00000000000000004E+036
 1.00000000000000004E+036
 1.00000000000000004E+036
 1.00000000000000004E+036
 1.00000000000000004E+036
 1.00000000000000004E+036
 1.00000000000000004E+036
 1.00000000000000004E+036
# INPUT: soilstate_inst__rootfr_patch(1,25)
 6.68753042696999950E-002
 1.20613610297439652E-001
 1.52328990106235795E-001
 1.59647735161716042E-001
 1.70117374416013212E-001
 1.40539847266295426E-001
 9.49384237949527365E-002
 5.37037155711166878E-002
 2.57676582405585095E-002
 1.05741551941342399E-002
 3.73888420798884624E-003
 1.15430147372858126E-003
 0.00000000000000000E+000
 0.00000000000000000E+000
 0.00000000000000000E+000
 0.00000000000000000E+000
 0.00000000000000000E+000
 0.00000000000000000E+000
 0.00000000000000000E+000
 0.00000000000000000E+000
 0.00000000000000000E+000
 0.00000000000000000E+000
 0.00000000000000000E+000
 0.00000000000000000E+000
 0.00000000000000000E+000
# INPUT: soilstate_inst__smp_l_col(1,25)
-4.75345609267854423E+005
-4.87271948613298882E+005
-6.24695215270093060E+005
-1.41699904810374646E+004
-1.86583631083672626E+004
-2.06878104942138125E+004
-2.72914433980979265E+003
-2.68569326499870249E+003
-2.23931013434158467E+003
-3.76288222352074081E+003
-3.23377808234869872E+003
-2.77190785736797397E+003
 1.00000000000000004E+036
 1.00000000000000004E+036
 1.00000000000000004E+036
 1.00000000000000004E+036
 1.00000000000000004E+036
 1.00000000000000004E+036
 1.00000000000000004E+036
 1.00000000000000004E+036
 1.00000000000000004E+036
 1.00000000000000004E+036
 1.00000000000000004E+036
 1.00000000000000004E+036
 1.00000000000000004E+036
# INPUT: waterstatebulk_inst__h2osoi_ice_col(1,37)
 1.00000000000000004E+036
 1.00000000000000004E+036
 1.00000000000000004E+036
 1.00000000000000004E+036
 1.00000000000000004E+036
 1.00000000000000004E+036
 1.00000000000000004E+036
 1.00000000000000004E+036
 1.00000000000000004E+036
 1.00000000000000004E+036
 1.00000000000000004E+036
 1.00000000000000004E+036
 0.00000000000000000E+000
 0.00000000000000000E+000
 0.00000000000000000E+000
 0.00000000000000000E+000
 0.00000000000000000E+000
 0.00000000000000000E+000
 0.00000000000000000E+000
 0.00000000000000000E+000
 0.00000000000000000E+000
 0.00000000000000000E+000
 0.00000000000000000E+000
 0.00000000000000000E+000
 0.00000000000000000E+000
 0.00000000000000000E+000
 0.00000000000000000E+000
 0.00000000000000000E+000
 0.00000000000000000E+000
 0.00000000000000000E+000
 0.00000000000000000E+000
 0.00000000000000000E+000
 0.00000000000000000E+000
 0.00000000000000000E+000
 0.00000000000000000E+000
 0.00000000000000000E+000
 0.00000000000000000E+000
# INPUT: clm_varcon__denh2o
 1.00000000000000000E+003
# INPUT: clm_varcon__grav
 9.80664999999999942E+000
# INPUT: clm_varpar__nlevgrnd
25
# INPUT: clm_varpar__nlevsno
12
# INPUT: clm_varpar__nlevsoi
20
# INPUT: mlclm_varcon__mmh2o
 1.80200000000000013E-002
# OUTPUT: mlcanopy_inst__psis_soil(1)
-1.28866965096560981E-001
# OUTPUT: mlcanopy_inst__rsoil_soil(1)
 8.20682057216801791E-002
# OUTPUT: mlcanopy_inst__soil_et_loss_soil(1,25)
 0.00000000000000000E+000
 0.00000000000000000E+000
 0.00000000000000000E+000
 2.40920264954909674E-001
 2.50325121854669319E-001
 2.04431052181511863E-001
 1.52153580731174298E-001
 8.60870350340751239E-002
 4.13973864725100879E-002
 1.68590592995040284E-002
 5.97697184572351572E-003
 1.84952762592190405E-003
 0.00000000000000000E+000
 0.00000000000000000E+000
 0.00000000000000000E+000
 0.00000000000000000E+000
 0.00000000000000000E+000
 0.00000000000000000E+000
 0.00000000000000000E+000
 0.00000000000000000E+000
 0.00000000000000000E+000
 0.00000000000000000E+000
 0.00000000000000000E+000
 0.00000000000000000E+000
 0.00000000000000000E+000
